3509
1
98
2
2
3
1
4
1
5
5
6
2
7
5
8
4
9
8
10
3
11
3
12
6
13
9
14
7
15
4
16
58
17
9
18
9
19
6
20
13
21
6
22
68
23
9
24
9
25
14
26
13
27
3
28
3
29
6
30
7
31
15
32
12
33
38
34
5
35
3
36
5
37
7
38
3
39
22
40
3
41
37
42
70
43
24
44
5
45
19
46
5
47
1003
48
3
49
579
50
7
51
58
52
9
53
35
54
5
55
15
56
14
57
94
58
6
59
2
60
2
61
23
62
4
63
227
64
47
65
3
66
20
67
1
68
2
69
5
70
2
71
4
72
2
73
71
74
5
75
1
76
8
77
6
78
51
79
225
80
5
81
4
82
4
83
8
84
1
85
13
86
1
87
4
88
4
89
33
90
55
91
2
92
52
93
7
94
5
95
5
96
6
97
32
98
4
99
1
100
4
101
7
102
38
103
21
104
1
105
2
106
1
107
26
108
29
109
12
110
2
111
4
112
4
113
34
114
63
115
15
116
38
117
26
118
11
119
11
120
4
121
2
122
3
123
4
124
7
125
4
126
6
127
4
128
7
129
12
130
75
131
8
132
1
133
21
134
4
135
1
136
2
137
2
138
14
139
3
140
4
141
8
142
7
143
2
144
2
145
1
146
6
147
8
148
4
149
33
150
4
151
13
152
1
153
4
154
28
155
17
156
6
157
4
158
1
159
8
160
34
161
8
162
1
163
8
164
4
165
2
166
22
167
3
168
152
169
22
170
29
171
24
172
8
173
1006
174
22
175
28
176
20
177
21
178
20
179
12
180
80
181
2
182
39
183
95
184
20
185
2
186
1
187
2
188
17
189
4
190
11
191
5
192
10
193
2
194
2
195
49
196
2
197
2
198
2
199
1
200
3
201
2
202
2
203
2
204
2
205
4
206
2
207
4
208
2
209
6
210
3
211
4
212
9
213
10
214
3
215
31
216
7
217
9
218
2
219
1
220
2
221
10
222
2
223
2
224
7
225
3
226
2
227
119
228
1
229
2
230
49
231
1
232
12
233
6
234
5
235
7
236
96
237
95
238
65
239
5
240
25
241
5
242
5
243
13
244
5
245
5
246
7
247
7
248
31
249
5
250
45
251
7
252
5
253
5
254
11
255
7
256
20
257
21
258
9
259
5
260
5
261
1
262
1
263
21
264
114
265
46
266
14
267
760
268
10
269
18
270
31
271
391
272
435
273
295
274
255
275
287
276
19
277
535
278
7
279
5
280
5
281
14
282
9
283
15
284
6
285
5
286
5
287
7
288
5
289
5
290
5
291
16
292
58
293
191
294
5
295
32
296
1
297
9
298
2
299
3
300
5
301
6
302
195
303
2
304
2
305
21
306
2
307
3
308
2
309
2
310
4
311
7
312
27
313
10
314
6
315
2
316
6
317
51
318
9
319
6
320
67
321
3
322
2
323
2
324
4
325
2
326
8
327
2
328
2
329
4
330
2
331
5
332
21
333
35
334
5
335
5
336
41
337
1
338
2
339
7
340
5
341
78
342
10
343
8
344
1
345
5
346
5
347
72
348
5
349
5
350
5
351
16
352
9
353
12
354
7
355
5
356
65
357
5
358
7
359
5
360
50
361
61
362
5
363
25
364
28
365
5
366
5
367
5
368
5
369
5
370
5
371
9
372
63
373
6
374
11
375
5
376
28
377
5
378
457
379
18
380
4
381
24
382
5
383
9
384
2
385
5
386
5
387
5
388
23
389
5
390
14
391
5
392
5
393
5
394
5
395
1
396
5
397
5
398
5
399
45
400
5
401
174
402
714
403
3
404
5
405
264
406
3
407
13
408
3
409
89
410
57
411
15
412
35
413
30
414
3
415
21
416
16
417
3
418
5
419
73
420
163
421
3
422
3
423
14
424
3
425
1
426
1
427
108
428
3
429
1
430
1
431
1
432
34
433
1
434
7
435
16
436
7
437
17
438
17
439
1
440
1
441
1
442
13
443
1
444
11
445
2
446
6
447
1
448
1
449
1
450
140
451
1
452
4
453
8
454
8
455
1
456
1
457
7
458
1
459
1
460
2
461
2
462
1
463
3
464
4
465
2
466
1
467
1
468
1
469
9
470
2
471
1
472
1
473
1
474
1
475
1
476
3
477
1
478
1
479
1
480
3
481
1
482
2
483
3
484
18
485
2
486
3
487
14
488
2
489
1
490
2
491
15
492
1
493
1
494
1
495
1
496
19
497
1
498
2
499
100
500
11
501
3
502
2
503
2
504
1
505
1
506
1
507
17
508
5
509
1
510
4
511
15
512
2
513
3
514
2
515
2
516
2
517
4
518
2
519
2
520
2
521
1
522
24
523
1
524
3
525
1
526
1
527
2
528
1
529
12
530
1
531
20
532
72
533
1
534
3
535
7
536
11
537
3
538
1
539
12
540
5
541
1
542
1
543
3
544
1
545
7
546
7
547
1
548
2
549
1
550
5
551
1
552
1
553
1
554
1
555
9
556
1
557
15
558
1
559
4
560
2
561
1
562
7
563
154
564
12
565
7
566
3
567
7
568
3
569
1
570
7
571
1
572
1
573
123
574
17
575
1
576
1
577
1
578
2
579
1
580
3
581
1
582
1
583
1
584
3
585
1
586
1
587
1
588
1
589
1
590
1
591
4
592
12
593
1
594
1
595
12
596
1
597
1
598
1
599
1
600
1
601
6
602
1
603
21
604
9
605
1
606
8
607
2
608
22
609
3
610
3
611
1
612
11
613
18
614
3
615
1
616
1
617
2
618
1
619
1
620
1
621
4
622
1
623
1
624
1
625
1
626
5
627
2
628
1
629
2
630
11
631
6
632
1
633
3
634
4
635
1
636
23
637
1
638
1
639
1
640
1
641
1
642
23
643
3
644
1
645
17
646
5
647
1
648
3
649
10
650
46
651
3
652
35
653
3
654
1
655
2
656
3
657
1
658
1
659
1
660
1
661
1
662
1
663
1
664
6
665
6
666
1
667
1
668
5
669
5
670
1
671
10
672
1
673
1
674
5
675
10
676
2
677
11
678
1
679
1
680
15
681
3
682
2
683
1
684
1
685
1
686
1
687
1
688
25
689
1
690
1
691
11
692
9
693
1
694
3
695
1
696
1
697
1
698
1
699
7
700
1
701
11
702
2
703
1
704
1
705
1
706
1
707
1
708
1
709
5
710
1
711
1
712
115
713
5
714
2
715
1
716
1
717
1
718
1
719
2
720
1
721
1
722
7
723
1
724
5
725
1
726
1
727
1
728
1
729
2
730
1
731
1
732
1
733
1
734
1
735
5
736
8
737
1
738
3
739
1
740
1
741
3
742
8
743
1
744
2
745
1
746
1
747
2
748
1
749
1
750
1
751
1
752
1
753
1
754
1
755
1
756
1
757
1
758
38
759
5
760
1
761
23
762
1
763
1
764
1
765
1
766
1
767
12
768
1
769
1
770
15
771
7
772
1
773
1
774
1
775
5
776
14
777
1
778
29
779
1
780
1
781
9
782
1
783
7
784
3
785
2
786
1
787
1
788
1
789
2
790
1
791
1
792
2
793
1
794
1
795
2
796
1
797
1
798
2
799
1
800
3
801
3
802
1
803
11
804
17
805
1
806
5
807
1
808
1
809
1
810
1
811
1
812
2
813
3
814
1
815
2
816
8
817
2
818
7
819
1
820
1
821
9
822
4
823
1
824
12
825
1
826
1
827
10
828
13
829
1
830
1
831
2
832
1
833
1
834
10
835
1
836
2
837
1
838
6
839
1
840
2
841
1
842
1
843
1
844
1
845
1
846
3
847
13
848
10
849
9
850
1
851
6
852
1
853
5
854
16
855
6
856
9
857
5
858
2
859
1
860
2
861
2
862
1
863
1
864
1
865
5
866
1
867
2
868
1
869
1
870
1
871
1
872
3
873
1
874
13
875
1
876
1
877
1
878
1
879
1
880
6
881
1
882
1
883
4
884
1
885
1
886
1
887
2
888
4
889
1
890
2
891
3
892
1
893
1
894
1
895
4
896
4
897
1
898
3
899
1
900
1
901
1
902
1
903
1
904
1
905
1
906
1
907
1
908
1
909
3
910
31
911
1
912
7
913
12
914
2
915
9
916
3
917
3
918
1
919
1
920
2
921
2
922
2
923
2
924
4
925
12
926
28
927
2
928
2
929
15
930
2
931
2
932
2
933
2
934
4
935
4
936
2
937
2
938
2
939
1
940
1
941
1
942
1
943
6
944
1
945
1
946
1
947
2
948
1
949
1
950
10
951
5
952
10
953
1
954
1
955
1
956
1
957
7
958
20
959
1
960
1
961
1
962
1
963
3
964
5
965
7
966
1
967
1
968
1
969
1
970
1
971
15
972
17
973
13
974
5
975
10
976
17
977
1
978
5
979
4
980
19
981
13
982
1
983
1
984
1
985
1
986
35
987
1
988
1
989
1
990
1
991
1
992
1
993
1
994
1
995
1
996
7
997
1
998
1
999
3
1000
1
1001
1
1002
2
1003
1
1004
2
1005
2
1006
1
1007
5
1008
1
1009
1
1010
2
1011
2
1012
18
1013
2
1014
1
1015
8
1016
1
1017
1
1018
3
1019
8
1020
1
1021
5
1022
1
1023
1
1024
1
1025
3
1026
1
1027
9
1028
1
1029
20
1030
1
1031
1
1032
1
1033
1
1034
1
1035
1
1036
1
1037
1
1038
1
1039
1
1040
2
1041
1
1042
1
1043
1
1044
1
1045
1
1046
1
1047
1
1048
1
1049
14
1050
1
1051
1
1052
1
1053
1
1054
1
1055
1
1056
1
1057
1
1058
1
1059
1
1060
6
1061
1
1062
2
1063
5
1064
1
1065
1
1066
2
1067
1
1068
1
1069
1
1070
1
1071
3
1072
2
1073
1
1074
1
1075
7
1076
1
1077
1
1078
1
1079
1
1080
1
1081
4
1082
1
1083
1
1084
1
1085
3
1086
1
1087
1
1088
1
1089
1
1090
1
1091
1
1092
1
1093
1
1094
1
1095
1
1096
8
1097
5
1098
5
1099
1
1100
1
1101
1
1102
2
1103
1
1104
2
1105
6
1106
1
1107
3
1108
1
1109
2
1110
1
1111
1
1112
1
1113
15
1114
1
1115
3
1116
1
1117
1
1118
3
1119
1
1120
1
1121
1
1122
1
1123
1
1124
7
1125
5
1126
1
1127
1
1128
1
1129
1
1130
1
1131
1
1132
1
1133
1
1134
12
1135
1
1136
25
1137
1
1138
1
1139
1
1140
1
1141
10
1142
1
1143
4
1144
1
1145
1
1146
1
1147
1
1148
1
1149
1
1150
1
1151
1
1152
1
1153
1
1154
1
1155
1
1156
1
1157
1
1158
1
1159
1
1160
13
1161
1
1162
1
1163
4
1164
7
1165
5
1166
2
1167
1
1168
1
1169
5
1170
14
1171
14
1172
1
1173
3
1174
8
1175
46
1176
48
1177
9
1178
29
1179
5
1180
3
1181
1
1182
2
1183
1
1184
1
1185
1
1186
1
1187
1
1188
1
1189
5
1190
1
1191
1
1192
1
1193
1
1194
3
1195
1
1196
1
1197
1
1198
1
1199
2
1200
2
1201
37
1202
2
1203
1
1204
1
1205
1
1206
1
1207
2
1208
3
1209
1
1210
1
1211
1
1212
7
1213
1
1214
13
1215
9
1216
19
1217
1
1218
5
1219
3
1220
6
1221
4
1222
2
1223
3
1224
2
1225
2
1226
53
1227
2
1228
1
1229
2
1230
2
1231
2
1232
4
1233
1
1234
1
1235
3
1236
2
1237
2
1238
1
1239
2
1240
8
1241
2
1242
1
1243
1
1244
6
1245
1
1246
1
1247
1
1248
1
1249
1
1250
7
1251
6
1252
1
1253
2
1254
2
1255
7
1256
1
1257
1
1258
2
1259
2
1260
2
1261
1
1262
1
1263
5
1264
1
1265
3
1266
1
1267
1
1268
1
1269
1
1270
1
1271
1
1272
1
1273
1
1274
3
1275
1
1276
1
1277
1
1278
5
1279
1
1280
1
1281
1
1282
1
1283
1
1284
7
1285
1
1286
8
1287
2
1288
1
1289
1
1290
1
1291
2
1292
1
1293
23
1294
1
1295
1
1296
1
1297
139
1298
1
1299
2
1300
1
1301
1
1302
53
1303
2
1304
3
1305
1
1306
1
1307
1
1308
2
1309
2
1310
1
1311
1
1312
420
1313
3
1314
11
1315
16
1316
3
1317
4
1318
7
1319
3
1320
5
1321
6
1322
2
1323
1
1324
1
1325
10
1326
2
1327
5
1328
3
1329
1
1330
1
1331
1
1332
4
1333
7
1334
2
1335
1
1336
2
1337
2
1338
6
1339
1
1340
1
1341
1
1342
3
1343
1
1344
1
1345
1
1346
8
1347
1
1348
80
1349
1
1350
1
1351
2
1352
2
1353
3
1354
1
1355
1
1356
4
1357
1
1358
5
1359
1
1360
1
1361
1
1362
2
1363
12
1364
1
1365
1
1366
11
1367
1
1368
1
1369
1
1370
1
1371
1
1372
13
1373
5
1374
1
1375
2
1376
1
1377
1
1378
1
1379
1
1380
1
1381
1
1382
1
1383
8
1384
1
1385
1
1386
1
1387
1
1388
1
1389
8
1390
8
1391
6
1392
55
1393
2
1394
5
1395
1
1396
1
1397
1
1398
1
1399
2
1400
4
1401
1
1402
3
1403
2
1404
1
1405
1
1406
81
1407
1
1408
6
1409
2
1410
1
1411
1
1412
1
1413
1
1414
1
1415
1
1416
1
1417
10
1418
10
1419
1
1420
1
1421
1
1422
1
1423
1
1424
1
1425
1
1426
2
1427
2
1428
2
1429
2
1430
2
1431
2
1432
726
1433
3
1434
4
1435
2
1436
2
1437
20
1438
4
1439
4
1440
8
1441
8
1442
16
1443
8
1444
8
1445
4
1446
2
1447
2
1448
4
1449
2
1450
11
1451
2
1452
2
1453
2
1454
6
1455
2
1456
1
1457
3
1458
2
1459
1
1460
1
1461
2
1462
3
1463
3
1464
2
1465
3
1466
3
1467
2
1468
2
1469
2
1470
2
1471
45
1472
4
1473
4
1474
3
1475
3
1476
26
1477
792
1478
297
1479
526
1480
9
1481
8
1482
8
1483
2
1484
2
1485
157
1486
80
1487
275
1488
491
1489
452
1490
18
1491
18
1492
18
1493
36
1494
162
1495
76
1496
18
1497
18
1498
18
1499
6
1500
2
1501
54
1502
18
1503
18
1504
2
1505
18
1506
18
1507
18
1508
36
1509
36
1510
18
1511
23
1512
18
1513
18
1514
2
1515
2
1516
12
1517
2
1518
4
1519
2
1520
2
1521
2
1522
2
1523
8
1524
2
1525
2
1526
14
1527
2
1528
2
1529
2
1530
6
1531
5
1532
2
1533
2
1534
6
1535
14
1536
90
1537
3
1538
6
1539
6
1540
2
1541
14
1542
6
1543
2
1544
2
1545
2
1546
7
1547
2
1548
2
1549
12
1550
2
1551
4
1552
6
1553
4
1554
2
1555
2
1556
2
1557
2
1558
3
1559
4
1560
1
1561
1
1562
12
1563
2
1564
18
1565
1
1566
1
1567
1
1568
1
1569
2
1570
1
1571
1
1572
1
1573
1
1574
1
1575
9
1576
1
1577
13
1578
1
1579
1
1580
1
1581
2
1582
1
1583
1
1584
1
1585
1
1586
1
1587
1
1588
1
1589
1
1590
1
1591
1
1592
2
1593
1
1594
6
1595
1
1596
1
1597
1
1598
1
1599
1
1600
2
1601
1
1602
1
1603
1
1604
1
1605
1
1606
1
1607
1
1608
2
1609
1
1610
1
1611
4
1612
1
1613
196
1614
8
1615
1
1616
1
1617
1
1618
1
1619
4
1620
1
1621
1
1622
1
1623
1
1624
1
1625
1
1626
1
1627
1
1628
1
1629
1
1630
1
1631
1
1632
5
1633
1
1634
1
1635
1
1636
25
1637
1
1638
1
1639
1
1640
1
1641
1
1642
5
1643
1
1644
1
1645
9
1646
5
1647
1
1648
1
1649
1
1650
1
1651
1
1652
1
1653
1
1654
1
1655
10
1656
1
1657
1
1658
6
1659
1
1660
1
1661
1
1662
7
1663
1
1664
1
1665
1
1666
1
1667
1
1668
2
1669
1
1670
1
1671
1
1672
1
1673
1
1674
1
1675
13
1676
1
1677
5
1678
1
1679
1
1680
1
1681
1
1682
1
1683
1
1684
1
1685
1
1686
1
1687
1
1688
1
1689
1
1690
1
1691
1
1692
1
1693
1
1694
1
1695
1
1696
1
1697
1
1698
1
1699
1
1700
1
1701
1
1702
1
1703
1
1704
1
1705
1
1706
1
1707
1
1708
1
1709
1
1710
1
1711
10
1712
1
1713
1
1714
1
1715
1
1716
1
1717
1
1718
1
1719
1
1720
1
1721
10
1722
1
1723
1
1724
1
1725
1
1726
1
1727
1
1728
1
1729
1
1730
1
1731
1
1732
1
1733
1
1734
1
1735
1
1736
1
1737
1
1738
6
1739
1
1740
1
1741
1
1742
1
1743
1
1744
1
1745
1
1746
1
1747
1
1748
1
1749
5
1750
1
1751
1
1752
1
1753
1
1754
1
1755
1
1756
1
1757
1
1758
1
1759
1
1760
1
1761
1
1762
1
1763
1
1764
2
1765
1
1766
1
1767
1
1768
1
1769
1
1770
1
1771
1
1772
1
1773
1
1774
1
1775
1
1776
1
1777
1
1778
1
1779
1
1780
1
1781
1
1782
1
1783
1
1784
8
1785
1
1786
1
1787
1
1788
1
1789
1
1790
1
1791
1
1792
1
1793
1
1794
1
1795
1
1796
1
1797
2
1798
1
1799
1
1800
1
1801
3
1802
1
1803
1
1804
1
1805
1
1806
1
1807
1
1808
1
1809
1
1810
1
1811
1
1812
1
1813
25
1814
1
1815
1
1816
1
1817
1
1818
2
1819
1
1820
1
1821
1
1822
1
1823
1
1824
5
1825
1
1826
1
1827
1
1828
1
1829
1
1830
1
1831
1
1832
1
1833
1
1834
1
1835
1
1836
1
1837
1
1838
1
1839
1
1840
1
1841
1
1842
2
1843
1
1844
21
1845
1
1846
1
1847
1
1848
1
1849
1
1850
1
1851
1
1852
1
1853
1
1854
1
1855
9
1856
1
1857
4
1858
5
1859
1
1860
1
1861
1
1862
1
1863
1
1864
1
1865
1
1866
1
1867
1
1868
1
1869
1
1870
1
1871
1
1872
5
1873
5
1874
1
1875
1
1876
1
1877
1
1878
1
1879
1
1880
1
1881
1
1882
1
1883
1
1884
1
1885
1
1886
1
1887
1
1888
1
1889
1
1890
1
1891
1
1892
1
1893
1
1894
1
1895
1
1896
1
1897
1
1898
1
1899
1
1900
1
1901
1
1902
1
1903
1
1904
1
1905
1
1906
1
1907
1
1908
1
1909
2
1910
1
1911
1
1912
1
1913
33
1914
1
1915
18
1916
1
1917
1
1918
1
1919
1
1920
1
1921
1
1922
1
1923
1
1924
1
1925
5
1926
1
1927
1
1928
1
1929
1
1930
2
1931
1
1932
1
1933
1
1934
1
1935
1
1936
1
1937
1
1938
1
1939
1
1940
1
1941
1
1942
1
1943
1
1944
1
1945
1
1946
1
1947
1
1948
1
1949
1
1950
1
1951
1
1952
1
1953
1
1954
1
1955
1
1956
1
1957
1
1958
1
1959
1
1960
1
1961
1
1962
1
1963
1
1964
1
1965
1
1966
1
1967
1
1968
1
1969
1
1970
1
1971
1
1972
1
1973
1
1974
1
1975
1
1976
1
1977
1
1978
1
1979
1
1980
1
1981
1
1982
1
1983
1
1984
1
1985
1
1986
1
1987
1
1988
77
1989
1
1990
1
1991
1
1992
1
1993
1
1994
1
1995
1
1996
1
1997
1
1998
1
1999
1
2000
1
2001
6
2002
1
2003
1
2004
1
2005
1
2006
1
2007
3
2008
1
2009
1
2010
1
2011
13
2012
1
2013
1
2014
1
2015
1
2016
1
2017
1
2018
1
2019
1
2020
1
2021
1
2022
1
2023
1
2024
1
2025
1
2026
1
2027
1
2028
1
2029
1
2030
1
2031
1
2032
1
2033
1
2034
1
2035
1
2036
1
2037
1
2038
1
2039
1
2040
1
2041
1
2042
5
2043
1
2044
1
2045
1
2046
1
2047
1
2048
1
2049
1
2050
1
2051
1
2052
1
2053
1
2054
1
2055
1
2056
1
2057
1
2058
1
2059
1
2060
1
2061
1
2062
1
2063
5
2064
1
2065
1
2066
1
2067
1
2068
1
2069
1
2070
1
2071
1
2072
1
2073
1
2074
1
2075
1
2076
1
2077
2
2078
1
2079
1
2080
1
2081
10
2082
1
2083
1
2084
1
2085
1
2086
1
2087
1
2088
1
2089
1
2090
1
2091
6
2092
1
2093
1
2094
1
2095
1
2096
1
2097
1
2098
1
2099
1
2100
1
2101
1
2102
1
2103
1
2104
1
2105
1
2106
1
2107
1
2108
1
2109
1
2110
1
2111
1
2112
1
2113
1
2114
1
2115
1
2116
1
2117
1
2118
1
2119
1
2120
1
2121
1
2122
1
2123
1
2124
1
2125
1
2126
1
2127
1
2128
1
2129
1
2130
1
2131
1
2132
1
2133
1
2134
1
2135
1
2136
1
2137
1
2138
1
2139
1
2140
2
2141
1
2142
3
2143
3
2144
5
2145
1
2146
1
2147
1
2148
2
2149
1
2150
1
2151
1
2152
1
2153
1
2154
1
2155
1
2156
1
2157
1
2158
1
2159
1
2160
1
2161
1
2162
1
2163
1
2164
1
2165
1
2166
1
2167
1
2168
1
2169
1
2170
1
2171
1
2172
1
2173
2
2174
1
2175
1
2176
1
2177
1
2178
1
2179
1
2180
1
2181
1
2182
1
2183
1
2184
1
2185
1
2186
1
2187
1
2188
1
2189
1
2190
1
2191
3
2192
1
2193
2
2194
1
2195
1
2196
2
2197
1
2198
1
2199
1
2200
1
2201
1
2202
1
2203
1
2204
5
2205
4
2206
1
2207
1
2208
5
2209
1
2210
2
2211
1
2212
1
2213
1
2214
5
2215
10
2216
1
2217
1
2218
1
2219
14
2220
1
2221
1
2222
9
2223
1
2224
2
2225
1
2226
1
2227
6
2228
1
2229
1
2230
1
2231
5
2232
1
2233
3
2234
1
2235
1
2236
3
2237
1
2238
1
2239
2
2240
1
2241
1
2242
1
2243
1
2244
1
2245
1
2246
1
2247
1
2248
5
2249
1
2250
1
2251
1
2252
1
2253
1
2254
1
2255
1
2256
1
2257
1
2258
1
2259
83
2260
7
2261
4
2262
18
2263
23
2264
18
2265
6
2266
6
2267
6
2268
5
2269
6
2270
14
2271
6
2272
5
2273
6
2274
5
2275
6
2276
11
2277
6
2278
6
2279
7
2280
5
2281
9
2282
5
2283
6
2284
6
2285
5
2286
5
2287
5
2288
5
2289
1
2290
2
2291
1
2292
2
2293
1
2294
1
2295
1
2296
1
2297
1
2298
2
2299
1
2300
1
2301
1
2302
1
2303
29
2304
1
2305
1
2306
3
2307
2
2308
2
2309
1
2310
1
2311
1
2312
2
2313
1
2314
1
2315
1
2316
1
2317
1
2318
1
2319
1
2320
1
2321
2
2322
2
2323
1
2324
2
2325
1
2326
1
2327
2
2328
1
2329
2
2330
1
2331
1
2332
1
2333
1
2334
1
2335
1
2336
1
2337
1
2338
1
2339
1
2340
1
2341
1
2342
1
2343
1
2344
6
2345
1
2346
1
2347
1
2348
35
2349
1
2350
1
2351
1
2352
1
2353
1
2354
1
2355
1
2356
1
2357
1
2358
1
2359
1
2360
1
2361
1
2362
1
2363
1
2364
2
2365
1
2366
1
2367
1
2368
1
2369
1
2370
1
2371
1
2372
1
2373
1
2374
1
2375
1
2376
1
2377
1
2378
1
2379
1
2380
1
2381
1
2382
1
2383
1
2384
1
2385
1
2386
1
2387
1
2388
1
2389
1
2390
1
2391
1
2392
1
2393
1
2394
1
2395
1
2396
1
2397
1
2398
1
2399
1
2400
1
2401
1
2402
1
2403
1
2404
1
2405
1
2406
1
2407
1
2408
1
2409
1
2410
1
2411
1
2412
1
2413
1
2414
1
2415
1
2416
1
2417
1
2418
1
2419
1
2420
1
2421
1
2422
1
2423
1
2424
1
2425
1
2426
1
2427
1
2428
1
2429
1
2430
1
2431
1
2432
1
2433
1
2434
1
2435
1
2436
1
2437
1
2438
1
2439
1
2440
1
2441
1
2442
1
2443
1
2444
1
2445
1
2446
1
2447
1
2448
1
2449
1
2450
1
2451
1
2452
1
2453
1
2454
1
2455
1
2456
1
2457
1
2458
1
2459
1
2460
1
2461
1
2462
1
2463
1
2464
1
2465
1
2466
1
2467
1
2468
1
2469
1
2470
1
2471
1
2472
1
2473
1
2474
1
2475
1
2476
1
2477
1
2478
1
2479
1
2480
1
2481
1
2482
1
2483
1
2484
2
2485
2
2486
1
2487
1
2488
2
2489
2
2490
8
2491
1
2492
1
2493
2
2494
2
2495
1
2496
2
2497
1
2498
1
2499
1
2500
7
2501
1
2502
1
2503
1
2504
1
2505
1
2506
1
2507
1
2508
1
2509
1
2510
1
2511
1
2512
2
2513
1
2514
1
2515
1
2516
1
2517
1
2518
1
2519
1
2520
1
2521
1
2522
1
2523
1
2524
1
2525
1
2526
1
2527
1
2528
1
2529
1
2530
1
2531
1
2532
1
2533
1
2534
1
2535
1
2536
1
2537
1
2538
1
2539
1
2540
1
2541
7
2542
1
2543
1
2544
2
2545
1
2546
1
2547
1
2548
1
2549
1
2550
1
2551
1
2552
1
2553
1
2554
1
2555
1
2556
1
2557
1
2558
1
2559
1
2560
1
2561
1
2562
1
2563
1
2564
9
2565
1
2566
1
2567
1
2568
1
2569
422
2570
1
2571
1
2572
1
2573
1
2574
1
2575
1
2576
1
2577
1
2578
1
2579
1
2580
45
2581
1
2582
27
2583
5
2584
1
2585
1
2586
1
2587
1
2588
1
2589
1
2590
1
2591
2
2592
1
2593
3
2594
1
2595
1
2596
1
2597
1
2598
1
2599
1
2600
2
2601
1
2602
4
2603
1
2604
1
2605
1
2606
2
2607
1
2608
5
2609
1
2610
1
2611
1
2612
1
2613
1
2614
4
2615
2
2616
1
2617
1
2618
1
2619
1
2620
1
2621
1
2622
1
2623
1
2624
17
2625
1
2626
1
2627
1
2628
65
2629
2
2630
1
2631
1
2632
1
2633
1
2634
1
2635
1
2636
1
2637
1
2638
1
2639
1
2640
1
2641
1
2642
1
2643
1
2644
1
2645
1
2646
1
2647
1
2648
1
2649
1
2650
1
2651
1
2652
1
2653
1
2654
1
2655
1
2656
1
2657
1
2658
1
2659
1
2660
1
2661
1
2662
1
2663
1
2664
1
2665
1
2666
1
2667
1
2668
1
2669
1
2670
1
2671
1
2672
1
2673
6
2674
1
2675
1
2676
1
2677
1
2678
1
2679
1
2680
1
2681
1
2682
1
2683
1
2684
1
2685
1
2686
1
2687
183
2688
5
2689
1
2690
1
2691
1
2692
13
2693
1
2694
1
2695
1
2696
1
2697
1
2698
1
2699
1
2700
1
2701
1
2702
1
2703
1
2704
1
2705
1
2706
1
2707
1
2708
1
2709
1
2710
1
2711
1
2712
21
2713
1
2714
1
2715
1
2716
1
2717
1
2718
1
2719
1
2720
1
2721
1
2722
1
2723
1
2724
1
2725
1
2726
1
2727
1
2728
1
2729
1
2730
1
2731
1
2732
5
2733
1
2734
1
2735
1
2736
1
2737
1
2738
1
2739
1
2740
1
2741
1
2742
1
2743
1
2744
10
2745
1
2746
1
2747
1
2748
1
2749
1
2750
1
2751
1
2752
1
2753
1
2754
1
2755
1
2756
1
2757
1
2758
1
2759
1
2760
1
2761
1
2762
1
2763
1
2764
1
2765
1
2766
1
2767
1
2768
1
2769
1
2770
1
2771
1
2772
1
2773
1
2774
1
2775
1
2776
1
2777
1
2778
1
2779
1
2780
1
2781
1
2782
1
2783
1
2784
1
2785
1
2786
1
2787
1
2788
1
2789
1
2790
1
2791
1
2792
5
2793
1
2794
1
2795
1
2796
1
2797
1
2798
1
2799
1
2800
1
2801
1
2802
1
2803
1
2804
17
2805
1
2806
1
2807
1
2808
1
2809
1
2810
1
2811
1
2812
1
2813
1
2814
1
2815
1
2816
1
2817
1
2818
1
2819
1
2820
1
2821
1
2822
1
2823
1
2824
1
2825
1
2826
1
2827
1
2828
1
2829
1
2830
25
2831
1
2832
1
2833
1
2834
1
2835
1
2836
1
2837
1
2838
1
2839
1
2840
1
2841
5
2842
1
2843
1
2844
1
2845
1
2846
1
2847
1
2848
1
2849
1
2850
1
2851
1
2852
1
2853
1
2854
1
2855
1
2856
1
2857
1
2858
1
2859
1
2860
1
2861
1
2862
1
2863
1
2864
1
2865
1
2866
1
2867
1
2868
1
2869
1
2870
1
2871
1
2872
1
2873
1
2874
1
2875
1
2876
1
2877
1
2878
1
2879
1
2880
1
2881
1
2882
1
2883
1
2884
1
2885
1
2886
1
2887
1
2888
1
2889
1
2890
1
2891
1
2892
1
2893
1
2894
1
2895
1
2896
1
2897
1
2898
1
2899
1
2900
1
2901
1
2902
1
2903
1
2904
40
2905
36
2906
36
2907
36
2908
36
2909
36
2910
35
2911
1
2912
1
2913
1
2914
1
2915
1
2916
1
2917
1
2918
1
2919
2
2920
1
2921
1
2922
1
2923
1
2924
1
2925
1
2926
1
2927
1
2928
1
2929
1
2930
1
2931
1
2932
1
2933
1
2934
1
2935
1
2936
1
2937
1
2938
1
2939
1
2940
3
2941
1
2942
1
2943
1
2944
1
2945
401
2946
4
2947
12
2948
110
2949
18
2950
6
2951
4
2952
12
2953
1
2954
4
2955
8
2956
1
2957
72
2958
84
2959
72
2960
56
2961
36
2962
32
2963
8
2964
36
2965
8
2966
12
2967
12
2968
12
2969
8
2970
15
2971
28
2972
28
2973
7
2974
136
2975
7
2976
92
2977
16
2978
72
2979
4
2980
96
2981
24
2982
3
2983
68
2984
12
2985
112
2986
3
2987
17
2988
12
2989
3
2990
12
2991
12
2992
5
2993
4
2994
4
2995
40
2996
20
2997
3
2998
12
2999
21
3000
24
3001
24
3002
24
3003
16
3004
16
3005
16
3006
12
3007
16
3008
4
3009
52
3010
16
3011
8
3012
12
3013
2
3014
8
3015
4
3016
8
3017
4
3018
12
3019
6
3020
3
3021
13
3022
12
3023
12
3024
16
3025
20
3026
12
3027
4
3028
6
3029
4
3030
1
3031
4
3032
1
3033
4
3034
4
3035
4
3036
1
3037
1
3038
4
3039
8
3040
4
3041
4
3042
5
3043
4
3044
4
3045
4
3046
17
3047
4
3048
2
3049
4
3050
4
3051
1
3052
1
3053
4
3054
4
3055
1
3056
12
3057
4
3058
4
3059
5
3060
4
3061
4
3062
1
3063
8
3064
8
3065
1
3066
20
3067
2
3068
12
3069
12
3070
12
3071
12
3072
12
3073
12
3074
8
3075
8
3076
8
3077
16
3078
8
3079
4
3080
12
3081
1
3082
4
3083
4
3084
4
3085
4
3086
4
3087
4
3088
4
3089
1
3090
4
3091
4
3092
4
3093
4
3094
1
3095
1
3096
1
3097
12
3098
1
3099
4
3100
4
3101
4
3102
4
3103
4
3104
4
3105
4
3106
4
3107
4
3108
8
3109
9
3110
8
3111
4
3112
4
3113
4
3114
12
3115
2
3116
2
3117
4
3118
1
3119
20
3120
5
3121
20
3122
4
3123
1
3124
8
3125
1
3126
1
3127
12
3128
4
3129
4
3130
1
3131
4
3132
4
3133
12
3134
12
3135
4
3136
4
3137
4
3138
4
3139
1
3140
12
3141
1
3142
4
3143
9
3144
1
3145
4
3146
4
3147
1
3148
4
3149
1
3150
1
3151
1
3152
1
3153
4
3154
2
3155
8
3156
4
3157
4
3158
4
3159
1
3160
4
3161
4
3162
1
3163
4
3164
1
3165
1
3166
1
3167
4
3168
4
3169
4
3170
9
3171
4
3172
4
3173
4
3174
2
3175
8
3176
8
3177
8
3178
4
3179
1
3180
4
3181
1
3182
1
3183
1
3184
1
3185
1
3186
4
3187
4
3188
4
3189
1
3190
4
3191
4
3192
1
3193
1
3194
4
3195
16
3196
2
3197
8
3198
1
3199
401
3200
12
3201
18
3202
1
3203
4
3204
1
3205
1
3206
8
3207
15
3208
7
3209
7
3210
4
3211
3
3212
3
3213
3
3214
5
3215
4
3216
4
3217
3
3218
4
3219
2
3220
6
3221
3
3222
2
3223
1
3224
1
3225
1
3226
1
3227
4
3228
1
3229
1
3230
1
3231
1
3232
1
3233
1
3234
2
3235
1
3236
1
3237
1
3238
1
3239
1
3240
1
3241
2
3242
2
3243
1
3244
5
3245
1
3246
1
3247
1
3248
1
3249
1
3250
1
3251
1
3252
1
3253
1
3254
1
3255
1
3256
1
3257
2
3258
1
3259
1
3260
1
3261
1
3262
1
3263
2
3264
1
3265
1
3266
1
3267
1
3268
1
3269
1
3270
1
3271
1
3272
1
3273
818
3274
24
3275
36
3276
2
3277
8
3278
2
3279
2
3280
16
3281
30
3282
14
3283
14
3284
8
3285
6
3286
6
3287
6
3288
10
3289
8
3290
8
3291
6
3292
8
3293
4
3294
12
3295
6
3296
4
3297
2
3298
2
3299
2
3300
2
3301
8
3302
2
3303
2
3304
2
3305
2
3306
2
3307
2
3308
4
3309
2
3310
2
3311
2
3312
2
3313
2
3314
2
3315
4
3316
4
3317
2
3318
10
3319
2
3320
2
3321
2
3322
2
3323
2
3324
2
3325
2
3326
2
3327
2
3328
2
3329
2
3330
2
3331
4
3332
2
3333
2
3334
2
3335
2
3336
2
3337
4
3338
2
3339
2
3340
2
3341
2
3342
2
3343
2
3344
2
3345
2
3346
2
3347
1
3348
1
3349
34
3350
3
3351
3
3352
3
3353
3
3354
1
3355
2
3356
1
3357
2
3358
1
3359
1
3360
1
3361
1
3362
1
3363
1
3364
1
3365
1
3366
1
3367
7
3368
5
3369
1
3370
1
3371
1
3372
1
3373
1
3374
2
3375
1
3376
3
3377
1
3378
1
3379
1
3380
1
3381
1
3382
1
3383
1
3384
1
3385
1
3386
2
3387
1
3388
1
3389
8
3390
1
3391
18
3392
1
3393
1
3394
5
3395
1
3396
1
3397
1
3398
1
3399
2
3400
1
3401
1
3402
1
3403
1
3404
1
3405
2
3406
1
3407
1
3408
1
3409
1
3410
1
3411
1
3412
1
3413
27
3414
1
3415
1
3416
1
3417
1
3418
4
3419
1
3420
2
3421
1
3422
1
3423
1
3424
1
3425
1
3426
1
3427
1
3428
1
3429
1
3430
1
3431
1
3432
2
3433
1
3434
1
3435
1
3436
1
3437
1
3438
1
3439
1
3440
1
3441
1
3442
1
3443
1
3444
1
3445
1
3446
1
3447
1
3448
1
3449
1
3450
1
3451
1
3452
1
3453
1
3454
2
3455
1
3456
1
3457
7
3458
1
3459
1
3460
1
3461
1
3462
1
3463
1
3464
2
3465
1
3466
1
3467
1
3468
1
3469
1
3470
1
3471
1
3472
1
3473
2
3474
1
3475
1
3476
1
3477
1
3478
1
3479
1
3480
2
3481
1
3482
1
3483
1
3484
1
3485
1
3486
1
3487
1
3488
1
3489
1
3490
1
3491
1
3492
1
3493
1
3494
1
3495
1
3496
1
3497
19
3498
1
3499
1
3500
1
3501
1
3502
1
3503
3
3504
4
3505
4
3506
1
3507
4
3508
1
3509
1
