526
1
63	1
78	2
79	2687	1
80	1
63	3
374	81	82	1
63	4
2884	83	958	1916	2
595	84	8
958	1916	399	42	85	759	1250	86	2
848	312	4
595	1916	399	42	2
1250	87	5
595	88	399	42	89	1
90	7
230	438	545	1764	2063	324	91	1
390	6
155	310	92	532	1286	93	1
63	1
63	4
712	94	399	1372	2
51	712	2
399	95	3
96	2787	97	4
450	22	149	573	1
63	6
1836	98	155	251	665	99	3
2803	1531	532	11
3028	738	100	1803	101	102	103	42	529	104	674	10
142	2019	142	642	2141	2245	105	106	227	913	4
1071	2327	813	238	1
63	1
63	2
107	1776	4
783	32	1467	1776	1
108	4
399	42	532	535	4
1611	2653	109	110	2
958	111	1
97	4
213	532	399	112	2
432	532	2
1641	113	3
109	849	1534	1
114	4
78	1502	20	115	8
116	958	117	118	1914	119	120	508	1
63	1
63	2
630	90	4
273	1174	630	90	7
121	2580	89	195	63	195	532	2
116	305	1
63	4
1650	333	630	90	9
1502	664	630	122	420	591	42	123	532	11
115	701	124	78	399	42	85	69	125	126	127	1
128	8
1085	761	1650	129	333	93	333	130	9
1115	1542	3098	131	132	399	1653	133	124	2
134	135	3
90	420	669	2
136	420	3
1795	30	110	1
137	7
630	138	1081	97	420	139	2072	5
230	438	816	1081	2717	2
116	77	3
140	129	420	2
141	188	2
450	142	1
420	5
131	669	653	420	567	1
143	1
63	7
138	144	438	888	85	759	145	2
849	2255	1
63	1
63	3
399	146	147	3
457	374	148	9
149	270	399	146	147	2019	112	92	1372	1
63	1
63	3
1749	532	217	3
664	269	217	2
1935	112	1
2019	9
688	1060	150	91	195	688	51	217	664	2
230	151	5
2884	25	2019	568	116	4
450	848	573	152	3
153	154	1721	1
2191	2
1019	1842	1
63	1
63	3
2636	154	1679	3
154	155	121	4
634	92	535	1075	1
63	1
63	2
119	1727	4
109	645	958	112	1
156	5
645	277	891	413	157	1
63	2
1483	642	1
63	1
63	2
1611	2716	7
688	1060	39	158	159	227	950	4
712	160	161	2019	1
63	1
855	3
2580	539	567	2
438	162	1
92	1
63	1
63	1
163	3
2580	650	2019	1
63	1
63	1
63	2
26	164	1
63	1
61	3
165	166	167	1
63	1
78	2
79	405	1
80	1
63	1
168	1
169	1
170	1
171	1
1226	3
172	81	82	2
173	174	1
63	1
168	1
169	1
170	1
1892	1
175	1
176	1
114	1
1226	1
2862	1
63	1
177	1
178	1
179	1
180	1
181	1
180	3
51	227	63	5
182	173	183	183	184	1
1226	1
63	1
2862	2
185	2884	4
880	83	958	186	3
173	183	171	1
1226	1
2862	1
63	1
182	10
595	958	1916	187	42	85	759	1250	848	312	2
595	63	3
1916	399	42	2
1250	87	4
188	88	399	42	2
1250	90	7
230	438	545	1764	2063	324	390	6
2191	310	92	532	1286	154	3
173	183	174	1
168	1
169	1
170	1
1892	1
175	1
176	1
114	1
1226	1
2862	1
63	1
177	1
178	1
179	1
180	1
189	1
180	3
51	227	63	5
182	173	183	183	184	1
1226	1
63	1
2862	3
190	94	63	2
399	191	3
173	183	171	1
1226	1
2862	1
63	1
182	2
51	712	2
399	63	2
42	130	2
2787	97	2
450	22	2
192	573	8
1836	98	155	251	2191	2803	1531	532	10
53	738	100	63	1803	102	103	42	529	63	1
674	7
142	2019	41	142	642	2141	2245	3
712	227	913	4
1071	2327	813	238	3
173	183	174	1
168	1
169	1
170	1
1892	1
175	1
176	1
114	1
1226	1
2862	1
63	1
177	1
178	1
179	1
180	1
193	1
180	3
51	227	63	5
182	173	183	183	184	1
1226	1
63	1
2862	1
194	1
195	2
173	171	1
1226	1
2862	1
182	3
783	32	1467	1
736	2
399	42	2
532	535	5
2251	2653	109	958	111	1
97	3
108	532	399	2
108	532	2
108	1641	1
108	3
109	849	1534	4
78	1502	20	115	1
63	2
116	958	7
76	256	118	1914	119	196	508	3
173	183	174	1
168	1
169	1
170	1
1892	1
175	1
176	1
114	1
1226	1
2862	1
63	1
177	1
178	1
179	1
180	1
197	1
180	3
51	227	63	5
182	173	183	183	184	1
1226	1
63	1
2862	2
198	90	1
199	2
173	171	1
1226	1
2862	4
182	273	1174	630	1
595	6
53	89	195	1348	195	532	2
116	305	4
1650	333	630	90	9
1502	200	630	90	420	591	42	123	532	2
115	63	3
701	154	78	2
399	42	2
85	125	2
126	63	1
127	8
2008	1085	761	1650	129	333	93	333	7
1115	1542	63	3098	131	399	1653	1
53	1
201	5
134	630	90	420	669	1
130	2
2600	420	2
1795	30	6
630	138	202	97	420	2072	5
230	438	816	1081	63	1
2717	4
116	140	129	420	1
63	2
141	188	2
450	420	2
131	669	3
653	420	567	1
130	1
1409	1
138	5
888	85	759	849	2255	3
173	183	174	1
168	1
169	1
170	1
1892	1
175	1
176	1
114	1
1226	1
2862	1
63	1
177	1
178	1
179	1
180	1
203	1
180	3
51	227	63	5
182	173	183	183	184	1
1226	1
63	1
2862	1
204	2
643	147	1
63	3
173	183	171	1
1226	1
2862	1
63	4
182	457	374	148	8
41	270	399	146	147	2019	205	1372	3
173	183	174	1
168	1
169	1
170	1
1892	1
175	1
176	1
114	1
1226	1
2862	1
63	1
177	1
178	1
179	1
180	1
206	1
180	3
51	227	63	5
182	173	183	183	184	1
1226	1
63	1
2862	1
207	1
217	1
63	3
173	183	171	1
1226	1
2862	1
63	4
182	664	269	217	2
2987	2019	8
688	1060	150	195	688	51	217	664	4
208	438	2884	25	2
568	116	2
450	848	4
209	153	154	63	1
1721	1
2191	2
1019	1842	3
173	183	174	1
168	1
169	1
170	1
1892	1
175	1
176	1
114	1
1226	1
2862	1
63	1
177	1
178	1
179	1
180	1
210	1
180	3
51	227	63	5
182	173	183	183	184	1
1226	1
63	1
2862	1
211	2
212	213	3
173	183	171	1
1226	1
2862	1
63	1
182	2
154	155	4
634	92	535	1075	3
173	183	174	1
63	1
168	1
169	1
170	1
1892	1
175	1
176	1
114	1
1226	1
2862	1
63	1
177	1
178	1
179	1
180	1
214	1
180	3
51	227	63	5
182	173	183	183	184	1
1226	1
63	1
2862	1
215	1
216	3
173	183	171	1
1226	1
2862	1
63	1
182	2
109	645	2
643	156	6
645	277	891	413	216	157	2
1483	642	3
173	183	174	1
168	1
169	1
170	1
1892	1
175	1
176	1
114	1
1226	1
2862	1
63	1
177	1
178	1
179	1
180	1
217	1
180	3
51	227	63	5
182	173	183	183	184	1
1226	1
63	1
2862	1
218	1
219	3
173	183	171	1
1226	1
2862	1
63	1
182	6
688	1060	39	159	227	950	2
712	160	1
2019	1
855	3
53	539	567	4
220	438	591	92	3
173	183	174	1
168	1
169	1
170	1
1892	1
175	1
176	1
114	1
1226	1
2862	1
63	1
177	1
178	1
179	1
180	1
221	1
180	1
51	5
182	173	183	183	184	1
2862	1
222	1
223	3
173	183	171	1
1226	1
2862	1
63	3
53	650	2019	6
224	173	183	225	226	26	1
164	1
63	2
227	166	1
63	1
78	1
63	2471
1
1432	1
1432	1
1462	1
1432	1
1463	1
232	1
232	3
1464	1177	1465	1
1466	1
215	1
1467	1
1468	1
1432	1
1432	1
1432	3
1469	227	1470	1
1432	1
1471	2
173	1472	2
173	1473	1
1432	1
1474	1
1432	1
1475	1
264	1
1476	1
277	2
173	1477	2
173	1478	1
1476	1
277	1
293	1
47	1
1479	5
49	1480	273	1481	1482	1
267	6
1483	66	1484	1485	1297	1477	2
173	1478	1
1476	1
277	2
173	1477	1
277	1
264	1
1476	1
1486	1
264	1
1487	1
277	2
173	1477	1
277	1
264	1
1432	1
1487	1
277	1
1432	1
264	3
173	265	1471	1
1487	1
271	1
47	1
1479	4
49	1488	1489	275	3
267	378	1477	1
271	1
47	1
1479	4
49	1488	1489	275	3
267	378	1477	1
271	1
47	1
1479	4
49	1488	1489	275	3
267	378	1477	1
271	1
47	1
1479	4
49	1488	1489	275	3
267	378	1477	1
1432	1
271	1
47	1
1479	4
49	1488	1489	275	3
267	378	1477	2
173	1478	1
1487	1
271	1
47	1
1479	4
49	1488	1489	1490	3
267	378	1477	1
277	1
47	1
1479	4
49	1488	1489	1491	1
267	1
264	1
1487	1
1492	1
47	1
1479	3
49	1493	1488	1
2744	1
1432	1
277	2
173	1477	2
173	1478	1
1487	2
1494	1477	1
277	2
173	1478	1
1432	2
173	1495	1
1432	1
1432	2
173	1477	1
271	1
47	1
1479	4
49	1488	1489	1496	3
267	378	1477	1
271	1
47	1
1479	4
49	1488	1489	275	3
267	378	1477	2
173	1478	1
1487	1
271	1
47	1
1479	4
49	1488	1489	1497	4
267	378	1477	277	1
47	1
1479	3
49	1493	1488	1
2744	1
47	1
1479	4
49	1498	1499	1500	2
388	1432	1
271	1
47	1
1479	4
49	1488	1489	1501	3
267	378	1477	1
271	1
47	1
1479	4
49	1488	1489	275	3
267	378	1477	2
173	1478	1
1487	1
277	1
47	1
1479	4
49	1488	1489	1502	3
267	378	1477	1
277	1
47	1
1479	4
49	1488	1489	1503	3
267	378	1477	1
271	1
47	1
1479	4
49	1488	1489	275	3
267	378	1477	2
173	1478	1
1432	1
1487	1
277	1
264	1
1487	5
277	1504	1485	1297	1477	2
173	1478	1
1487	1
277	1
980	4
1505	1485	1297	1477	1
1432	2
173	1478	1
1487	1
277	2
173	1506	1
1293	3
1485	1297	1477	2
173	1478	1
1487	1
277	1
264	1
1487	1
1432	1
1507	4
173	1485	347	1432	1
277	1
47	1
1479	4
49	1488	1489	1392	3
267	378	1477	2
1494	1477	3
1494	347	1432	1
277	1
47	1
1479	4
49	1488	1489	1392	3
267	378	1477	2
1494	1477	3
1494	347	1432	1
277	1
47	1
1479	4
49	1488	1489	1392	3
267	378	1477	2
1494	1477	2
1494	1477	1
1432	1
277	1
47	1
1479	4
49	1488	1489	1508	3
267	378	1477	3
1494	1509	1477	1
277	1
47	1
1479	4
49	1488	1489	1508	3
267	378	1477	3
1494	1509	1477	2
173	1478	2
173	1495	1
1432	1
1432	2
173	1477	2
173	1478	2
173	1495	1
1432	2
173	1477	1
271	1
47	1
1479	4
49	1488	1489	275	3
267	378	1477	2
173	1478	1
1487	1
271	1
47	1
1479	4
49	1488	1489	1510	3
267	378	1477	1
277	1
47	1
1479	4
49	1488	1489	1511	3
267	378	1477	1
271	1
47	1
1479	4
49	1488	1489	1512	3
267	378	1477	1
271	1
47	1
1479	4
49	1488	1489	275	3
267	378	1477	2
173	1478	1
1432	3
173	265	1471	3
173	376	1432	1
1432	1
1432	3
173	1513	1477	1
277	1
1432	1
264	3
173	265	1471	1
1487	1
271	1
47	1
1479	4
49	1488	1489	275	3
267	378	1477	1
271	1
47	1
1479	4
49	1488	1489	275	3
267	378	1477	1
271	1
47	1
1479	4
49	1488	1489	275	3
267	378	1477	1
271	1
47	1
1479	4
49	1488	1489	275	3
267	378	1477	1
1432	1
271	1
47	1
1479	4
49	1488	1489	275	3
267	378	1477	2
173	1478	1
1487	1
271	1
47	1
1479	4
49	1488	1489	1490	3
267	378	1477	1
277	1
47	1
1479	4
49	1488	1489	1491	1
267	1
264	1
1487	1
1492	1
47	1
1479	3
49	1493	1488	1
2744	1
1432	1
277	2
173	1477	2
173	1478	1
1487	2
1494	1477	1
277	2
173	1478	1
1432	2
173	1495	1
1432	1
1432	2
173	1477	1
271	1
47	1
1479	4
49	1488	1489	1496	3
267	378	1477	1
271	1
47	1
1479	4
49	1488	1489	275	3
267	378	1477	2
173	1478	1
1487	1
271	1
47	1
1479	4
49	1488	1489	1497	4
267	378	1477	277	1
47	1
1479	3
49	1493	1488	1
2744	1
47	1
1479	4
49	1498	1499	1514	2
388	1432	1
271	1
47	1
1479	4
49	1488	1489	1501	3
267	378	1477	1
271	1
47	1
1479	4
49	1488	1489	275	3
267	378	1477	2
173	1478	1
1487	1
277	1
47	1
1479	4
49	1488	1489	1502	3
267	378	1477	1
277	1
47	1
1479	4
49	1488	1489	1503	3
267	378	1477	1
271	1
47	1
1479	4
49	1488	1489	275	3
267	378	1477	2
173	1478	1
1432	1
1487	1
277	1
264	1
1487	5
277	1515	1485	1297	1477	2
173	1478	1
1487	1
277	1
980	4
1505	1485	1297	1477	1
1432	2
173	1478	1
1487	1
277	2
173	1506	1
1293	3
1485	1297	1477	2
173	1478	1
1487	1
277	1
264	1
1487	1
1432	1
1507	4
173	1485	347	1432	1
277	1
47	1
1479	4
49	1488	1489	1392	3
267	378	1477	2
1494	1477	3
1494	347	1432	1
277	1
47	1
1479	4
49	1488	1489	1392	3
267	378	1477	2
1494	1477	3
1494	347	1432	1
277	1
47	1
1479	4
49	1488	1489	1392	3
267	378	1477	2
1494	1477	2
1494	1477	1
1432	1
277	1
47	1
1479	4
49	1488	1489	1508	3
267	378	1477	3
1494	1509	1477	1
277	1
47	1
1479	4
49	1488	1489	1508	3
267	378	1477	3
1494	1509	1477	2
173	1478	2
173	1495	1
1432	1
1432	2
173	1477	2
173	1478	2
173	1495	1
1432	2
173	1477	1
271	1
47	1
1479	4
49	1488	1489	275	3
267	378	1477	2
173	1478	1
1487	1
271	1
47	1
1479	4
49	1488	1489	1510	3
267	378	1477	1
277	1
47	1
1479	4
49	1488	1489	1511	3
267	378	1477	1
271	1
47	1
1479	4
49	1488	1489	1512	3
267	378	1477	1
271	1
47	1
1479	4
49	1488	1489	275	3
267	378	1477	2
173	1478	1
1432	3
173	265	1471	3
173	376	1432	1
1432	1
1432	3
173	1513	1477	1
277	1
1432	1
264	3
173	265	1471	1
1487	1
271	1
47	1
1479	4
49	1488	1489	275	3
267	378	1477	1
271	1
47	1
1479	4
49	1488	1489	275	3
267	378	1477	1
271	1
47	1
1479	4
49	1488	1489	275	3
267	378	1477	1
271	1
47	1
1479	4
49	1488	1489	275	3
267	378	1477	1
1432	1
271	1
47	1
1479	4
49	1488	1489	275	3
267	378	1477	2
173	1478	1
1487	1
271	1
47	1
1479	4
49	1488	1489	1490	3
267	378	1477	1
277	1
47	1
1479	4
49	1488	1489	1491	1
267	1
264	1
1487	1
1492	1
47	1
1479	3
49	1493	1488	1
2744	1
1432	1
277	2
173	1477	2
173	1478	1
1487	2
1494	1477	1
277	2
173	1478	1
1432	2
173	1495	1
1432	1
1432	2
173	1477	1
271	1
47	1
1479	4
49	1488	1489	1496	3
267	378	1477	1
271	1
47	1
1479	4
49	1488	1489	275	3
267	378	1477	2
173	1478	1
1487	1
271	1
47	1
1479	4
49	1488	1489	1497	4
267	378	1477	277	1
47	1
1479	3
49	1493	1488	1
2744	1
47	1
1479	4
49	1498	1516	1517	2
388	1432	1
271	1
47	1
1479	4
49	1488	1489	1501	3
267	378	1477	1
271	1
47	1
1479	4
49	1488	1489	275	3
267	378	1477	2
173	1478	1
1487	1
277	1
47	1
1479	4
49	1488	1489	1502	3
267	378	1477	1
277	1
47	1
1479	4
49	1488	1489	1503	3
267	378	1477	1
271	1
47	1
1479	4
49	1488	1489	275	3
267	378	1477	2
173	1478	1
1432	1
1487	1
277	1
264	1
1487	5
277	1518	1485	1297	1477	2
173	1478	1
1487	1
277	1
980	4
1505	1485	1297	1477	1
1432	2
173	1478	1
1487	1
277	2
173	1506	1
1293	3
1485	1297	1477	2
173	1478	1
1487	1
277	1
264	1
1487	1
1432	1
1507	4
173	1485	347	1432	1
277	1
47	1
1479	4
49	1488	1489	1392	3
267	378	1477	2
1494	1477	3
1494	347	1432	1
277	1
47	1
1479	4
49	1488	1489	1392	3
267	378	1477	2
1494	1477	3
1494	347	1432	1
277	1
47	1
1479	4
49	1488	1489	1392	3
267	378	1477	2
1494	1477	2
1494	1477	1
1432	1
277	1
47	1
1479	4
49	1488	1489	1508	3
267	378	1477	3
1494	1509	1477	1
277	1
47	1
1479	4
49	1488	1489	1508	3
267	378	1477	3
1494	1509	1477	2
173	1478	2
173	1495	1
1432	1
1432	2
173	1477	2
173	1478	2
173	1495	1
1432	2
173	1477	1
271	1
47	1
1479	4
49	1488	1489	275	3
267	378	1477	2
173	1478	1
1487	1
271	1
47	1
1479	4
49	1488	1489	1510	3
267	378	1477	1
277	1
47	1
1479	4
49	1488	1489	1511	3
267	378	1477	1
271	1
47	1
1479	4
49	1488	1489	1512	3
267	378	1477	1
271	1
47	1
1479	4
49	1488	1489	275	3
267	378	1477	2
173	1478	1
1432	3
173	265	1471	3
173	376	1432	1
1432	1
1432	3
173	1513	1477	2
173	1478	1
1432	2
173	1495	1
1432	2
173	1477	2
173	1477	2
173	1478	1
1487	1
277	2
173	1477	1
277	2
173	1477	2
173	1477	2
173	1478	1
1487	1
277	2
173	1477	2
277	1432	1
264	1
1487	1
1432	1
277	1
1432	1
264	3
173	265	1471	1
1487	1
271	1
47	1
1479	4
49	1488	1489	275	3
267	378	1477	1
271	1
47	1
1479	4
49	1488	1489	275	3
267	378	1477	1
271	1
47	1
1479	4
49	1488	1489	275	3
267	378	1477	1
271	1
47	1
1479	4
49	1488	1489	275	3
267	378	1477	1
271	1
47	1
1479	4
49	1488	1489	275	3
267	378	1477	2
173	1478	1
1432	1
1487	1
1486	1
293	1
47	1
1479	4
49	1488	1489	1490	3
267	378	1477	1
277	1
47	1
1479	4
49	1488	1489	1491	1
267	1
264	1
1487	1
1492	1
47	1
1479	3
49	1493	1488	1
2744	1
277	2
173	1477	2
173	1478	1
1432	1
1487	2
1494	1477	1
277	2
173	1478	1
1432	2
173	1495	1
1432	1
1432	2
173	1477	1
1486	1
293	1
47	1
1479	4
49	1488	1489	1496	3
267	378	1477	1
271	1
47	1
1479	4
49	1488	1489	275	3
267	378	1477	1
1432	2
173	1478	1
1487	1
1486	1
293	1
47	1
1479	4
49	1488	1489	1497	4
267	378	1477	277	1
47	1
1479	3
49	1493	1488	1
2744	1
47	1
1479	4
49	1498	1499	1519	2
388	1432	1
1486	1
293	1
47	1
1479	4
49	1488	1489	1501	3
267	378	1477	1
1432	1
271	1
47	1
1479	4
49	1488	1489	275	3
267	378	1477	2
173	1478	1
1487	1
277	1
293	1
47	1
1479	4
49	1488	1489	1502	3
267	378	1477	1
277	1
293	1
47	1
1479	4
49	1488	1489	1503	3
267	378	1477	1
271	1
47	1
1479	4
49	1488	1489	275	3
267	378	1477	2
173	1478	1
1487	1
277	1
1432	1
264	1
1487	5
277	1518	1485	1297	1477	2
173	1478	1
1487	1
277	1
980	4
1505	1485	1297	1477	2
173	1478	1
1487	1
1432	1
277	2
173	1506	1
1293	3
1485	1297	1477	2
173	1478	1
1487	1
277	1
264	1
1487	1
1507	4
173	1485	347	1432	1
277	1
293	1
47	1
1479	4
49	1488	1489	1392	3
267	378	1477	1
1432	2
1494	1477	3
1494	347	1432	1
277	1
293	1
47	1
1479	4
49	1488	1489	1392	3
267	378	1477	2
1494	1477	3
1494	347	1432	1
277	1
293	1
47	1
1479	4
49	1488	1489	1392	3
267	378	1477	2
1494	1477	2
1494	1477	1
277	1
293	1
47	1
1479	4
49	1488	1489	1508	3
267	378	1477	3
1494	1509	1477	1
1432	1
277	1
293	1
47	1
1479	4
49	1488	1489	1508	3
267	378	1477	3
1494	1509	1477	2
173	1478	2
173	1495	1
1432	1
1432	2
173	1477	2
173	1478	2
173	1495	2
173	1477	1
271	1
47	1
1479	4
49	1488	1489	275	3
267	378	1477	1
1432	2
173	1478	1
1487	1
1486	1
293	1
47	1
1479	4
49	1488	1489	1510	3
267	378	1477	1
277	1
293	1
47	1
1479	4
49	1488	1489	1511	3
267	378	1477	1
1486	1
293	1
47	1
1479	4
49	1488	1489	1512	3
267	378	1477	1
271	1
47	1
1479	4
49	1488	1489	275	3
267	378	1477	2
173	1478	3
173	265	1471	3
173	376	1432	1
1432	1
1432	3
173	1513	1477	1
1432	1
277	1
1432	1
264	3
173	265	1471	1
1487	1
271	1
47	1
1479	4
49	1488	1489	275	3
267	378	1477	1
271	1
47	1
1479	4
49	1488	1489	275	3
267	378	1477	1
271	1
47	1
1479	4
49	1488	1489	275	3
267	378	1477	1
271	1
47	1
1479	4
49	1488	1489	275	3
267	378	1477	1
271	1
47	1
1479	4
49	1488	1489	275	3
267	378	1477	2
173	1478	1
1432	1
1487	1
1486	1
293	1
47	1
1479	4
49	1488	1489	1490	3
267	378	1477	1
277	1
47	1
1479	4
49	1488	1489	1491	1
267	1
264	1
1487	1
1492	1
47	1
1479	3
49	1493	1488	1
2744	1
277	2
173	1477	2
173	1478	1
1432	1
1487	2
1494	1477	1
277	2
173	1478	1
1432	2
173	1495	1
1432	1
1432	2
173	1477	1
1486	1
293	1
47	1
1479	4
49	1488	1489	1496	3
267	378	1477	1
271	1
47	1
1479	4
49	1488	1489	275	3
267	378	1477	1
1432	2
173	1478	1
1487	1
1486	1
293	1
47	1
1479	4
49	1488	1489	1497	4
267	378	1477	277	1
47	1
1479	3
49	1493	1488	1
2744	1
47	1
1479	4
49	1498	1516	1520	2
388	1432	1
1486	1
293	1
47	1
1479	4
49	1488	1489	1501	3
267	378	1477	1
1432	1
271	1
47	1
1479	4
49	1488	1489	275	3
267	378	1477	2
173	1478	1
1487	1
277	1
293	1
47	1
1479	4
49	1488	1489	1502	3
267	378	1477	1
277	1
293	1
47	1
1479	4
49	1488	1489	1503	3
267	378	1477	1
271	1
47	1
1479	4
49	1488	1489	275	3
267	378	1477	2
173	1478	1
1487	1
277	1
1432	1
264	1
1487	5
277	1521	1485	1297	1477	2
173	1478	1
1487	1
277	1
980	4
1505	1485	1297	1477	2
173	1478	1
1487	1
1432	1
277	2
173	1506	1
1293	3
1485	1297	1477	2
173	1478	1
1487	1
277	1
264	1
1487	1
1507	4
173	1485	347	1432	1
277	1
293	1
47	1
1479	4
49	1488	1489	1392	3
267	378	1477	1
1432	2
1494	1477	3
1494	347	1432	1
277	1
293	1
47	1
1479	4
49	1488	1489	1392	3
267	378	1477	2
1494	1477	3
1494	347	1432	1
277	1
293	1
47	1
1479	4
49	1488	1489	1392	3
267	378	1477	2
1494	1477	2
1494	1477	1
277	1
293	1
47	1
1479	4
49	1488	1489	1508	3
267	378	1477	3
1494	1509	1477	1
1432	1
277	1
293	1
47	1
1479	4
49	1488	1489	1508	3
267	378	1477	3
1494	1509	1477	2
173	1478	2
173	1495	1
1432	1
1432	2
173	1477	2
173	1478	2
173	1495	2
173	1477	1
271	1
47	1
1479	4
49	1488	1489	275	3
267	378	1477	1
1432	2
173	1478	1
1487	1
1486	1
293	1
47	1
1479	4
49	1488	1489	1510	3
267	378	1477	1
277	1
293	1
47	1
1479	4
49	1488	1489	1511	3
267	378	1477	1
1486	1
293	1
47	1
1479	4
49	1488	1489	1512	3
267	378	1477	1
271	1
47	1
1479	4
49	1488	1489	275	3
267	378	1477	2
173	1478	3
173	265	1471	3
173	376	1432	1
1432	1
1432	3
173	1513	1477	1
1432	1
277	1
1432	1
264	3
173	265	1471	1
1487	1
271	1
47	1
1479	4
49	1488	1489	275	3
267	378	1477	1
271	1
47	1
1479	4
49	1488	1489	275	3
267	378	1477	1
271	1
47	1
1479	4
49	1488	1489	275	3
267	378	1477	1
271	1
47	1
1479	4
49	1488	1489	275	3
267	378	1477	1
271	1
47	1
1479	4
49	1488	1489	275	3
267	378	1477	2
173	1478	1
1432	1
1487	1
1486	1
293	1
47	1
1479	4
49	1488	1489	1490	3
267	378	1477	1
277	1
47	1
1479	4
49	1488	1489	1491	1
267	1
264	1
1487	1
1492	1
47	1
1479	3
49	1493	1488	1
2744	1
277	2
173	1477	2
173	1478	1
1432	1
1487	2
1494	1477	1
277	2
173	1478	1
1432	2
173	1495	1
1432	1
1432	2
173	1477	1
1486	1
293	1
47	1
1479	4
49	1488	1489	1496	3
267	378	1477	1
271	1
47	1
1479	4
49	1488	1489	275	3
267	378	1477	1
1432	2
173	1478	1
1487	1
1486	1
293	1
47	1
1479	4
49	1488	1489	1497	4
267	378	1477	277	1
47	1
1479	3
49	1493	1488	1
2744	1
47	1
1479	4
49	1498	1516	1522	2
388	1432	1
1486	1
293	1
47	1
1479	4
49	1488	1489	1501	3
267	378	1477	1
1432	1
271	1
47	1
1479	4
49	1488	1489	275	3
267	378	1477	2
173	1478	1
1487	1
277	1
293	1
47	1
1479	4
49	1488	1489	1502	3
267	378	1477	1
277	1
293	1
47	1
1479	4
49	1488	1489	1503	3
267	378	1477	1
271	1
47	1
1479	4
49	1488	1489	275	3
267	378	1477	2
173	1478	1
1487	1
277	1
1432	1
264	1
1487	5
277	1523	1485	1297	1477	2
173	1478	1
1487	1
277	1
980	4
1505	1485	1297	1477	2
173	1478	1
1487	1
1432	1
277	2
173	1506	1
1293	3
1485	1297	1477	2
173	1478	1
1487	1
277	1
264	1
1487	1
1507	4
173	1485	347	1432	1
277	1
293	1
47	1
1479	4
49	1488	1489	1392	3
267	378	1477	1
1432	2
1494	1477	3
1494	347	1432	1
277	1
293	1
47	1
1479	4
49	1488	1489	1392	3
267	378	1477	2
1494	1477	3
1494	347	1432	1
277	1
293	1
47	1
1479	4
49	1488	1489	1392	3
267	378	1477	2
1494	1477	2
1494	1477	1
277	1
293	1
47	1
1479	4
49	1488	1489	1508	3
267	378	1477	3
1494	1509	1477	1
1432	1
277	1
293	1
47	1
1479	4
49	1488	1489	1508	3
267	378	1477	3
1494	1509	1477	2
173	1478	2
173	1495	1
1432	1
1432	2
173	1477	2
173	1478	2
173	1495	2
173	1477	1
271	1
47	1
1479	4
49	1488	1489	275	3
267	378	1477	1
1432	2
173	1478	1
1487	1
1486	1
293	1
47	1
1479	4
49	1488	1489	1510	3
267	378	1477	1
277	1
293	1
47	1
1479	4
49	1488	1489	1511	3
267	378	1477	1
1486	1
293	1
47	1
1479	4
49	1488	1489	1512	3
267	378	1477	1
271	1
47	1
1479	4
49	1488	1489	275	3
267	378	1477	2
173	1478	3
173	265	1471	3
173	376	1432	1
1432	1
1432	3
173	1513	1477	1
1432	2
173	1478	1
1432	2
173	1495	1
1432	2
173	1477	2
173	1477	2
173	1478	1
1487	1
277	2
173	1477	1
277	2
173	1477	2
173	1477	2
173	1478	1
1487	1
277	2
173	1477	2
277	1432	1
264	1
1487	1
277	1
1432	1
264	1
1432	3
173	265	1471	1
1487	1
271	1
47	1
1479	4
49	1488	1489	275	3
267	378	1477	1
271	1
47	1
1479	4
49	1488	1489	275	3
267	378	1477	1
271	1
47	1
1479	4
49	1488	1489	275	3
267	378	1477	1
271	1
47	1
1479	4
49	1488	1489	275	3
267	378	1477	1
271	1
47	1
1479	4
49	1488	1489	275	3
267	378	1477	2
173	1478	1
1487	1
1432	1
1486	1
293	1
47	1
1479	4
49	1488	1489	1490	3
267	378	1477	1
277	1
47	1
1479	4
49	1488	1489	1491	1
267	1
264	1
1487	1
1492	1
47	1
1479	3
49	1493	1488	1
2744	1
277	2
173	1477	2
173	1478	1
1487	1
1432	2
1494	1477	1
277	2
173	1478	1
1432	2
173	1495	1
1432	1
1432	2
173	1477	1
1486	1
293	1
47	1
1479	4
49	1488	1489	1496	3
267	378	1477	1
271	1
47	1
1479	4
49	1488	1489	275	3
267	378	1477	2
173	1478	1
1432	1
1487	1
1486	1
293	1
47	1
1479	4
49	1488	1489	1497	4
267	378	1477	277	1
47	1
1479	3
49	1493	1488	1
2744	1
47	1
1479	4
49	1498	1516	1524	2
388	1432	1
1486	1
293	1
47	1
1479	4
49	1488	1489	1501	3
267	378	1477	1
271	1
47	1
1479	4
49	1488	1489	275	3
267	378	1477	1
1432	2
173	1478	1
1487	1
277	1
293	1
47	1
1479	4
49	1488	1489	1502	3
267	378	1477	1
277	1
293	1
47	1
1479	4
49	1488	1489	1503	3
267	378	1477	1
271	1
47	1
1479	4
49	1488	1489	275	3
267	378	1477	2
173	1478	1
1487	1
277	1
264	1
1432	1
1487	5
277	1523	1485	1297	1477	2
173	1478	1
1487	1
277	1
980	4
1505	1485	1297	1477	2
173	1478	1
1487	1
277	2
173	1506	1
1293	3
1485	1297	1477	1
1432	2
173	1478	1
1487	1
277	1
264	1
1487	1
1507	4
173	1485	347	1432	1
277	1
293	1
47	1
1479	4
49	1488	1489	1392	3
267	378	1477	2
1494	1477	3
1494	347	1432	1
277	1
293	1
47	1
1479	4
49	1488	1489	1392	3
267	378	1477	1
1432	2
1494	1477	3
1494	347	1432	1
277	1
293	1
47	1
1479	4
49	1488	1489	1392	3
267	378	1477	2
1494	1477	2
1494	1477	1
277	1
293	1
47	1
1479	4
49	1488	1489	1508	3
267	378	1477	3
1494	1509	1477	1
277	1
293	1
47	1
1479	4
49	1488	1489	1508	3
267	378	1477	3
1494	1509	1477	1
1432	2
173	1478	2
173	1495	1
1432	1
1432	2
173	1477	2
173	1478	2
173	1495	2
173	1477	1
271	1
47	1
1479	4
49	1488	1489	275	3
267	378	1477	2
173	1478	1
1487	1
1432	1
1486	1
293	1
47	1
1479	4
49	1488	1489	1510	3
267	378	1477	1
277	1
293	1
47	1
1479	4
49	1488	1489	1511	3
267	378	1477	1
1486	1
293	1
47	1
1479	4
49	1488	1489	1512	3
267	378	1477	1
271	1
47	1
1479	4
49	1488	1489	275	3
267	378	1477	2
173	1478	3
173	265	1471	3
173	376	1432	1
1432	1
1432	3
173	1513	1477	1
277	1
1432	1
264	3
173	265	1471	1
1432	1
1487	1
271	1
47	1
1479	4
49	1488	1489	275	3
267	378	1477	1
271	1
47	1
1479	4
49	1488	1489	275	3
267	378	1477	1
271	1
47	1
1479	4
49	1488	1489	275	3
267	378	1477	1
271	1
47	1
1479	4
49	1488	1489	275	3
267	378	1477	1
271	1
47	1
1479	4
49	1488	1489	275	3
267	378	1477	2
173	1478	1
1487	1
1486	1
293	1
47	1
1479	4
49	1488	1489	1490	3
267	378	1477	1
1432	1
277	1
47	1
1479	4
49	1488	1489	1491	1
267	1
264	1
1487	1
1492	1
47	1
1479	3
49	1493	1488	1
2744	1
277	2
173	1477	2
173	1478	1
1487	2
1494	1477	1
1432	1
277	2
173	1478	1
1432	2
173	1495	1
1432	1
1432	2
173	1477	1
1486	1
293	1
47	1
1479	4
49	1488	1489	1496	3
267	378	1477	1
271	1
47	1
1479	4
49	1488	1489	275	3
267	378	1477	2
173	1478	1
1487	1
1432	1
1486	1
293	1
47	1
1479	4
49	1488	1489	1497	4
267	378	1477	277	1
47	1
1479	3
49	1493	1488	1
2744	1
47	1
1479	4
49	1498	1516	1525	2
388	1432	1
1486	1
293	1
47	1
1479	4
49	1488	1489	1501	3
267	378	1477	1
271	1
47	1
1479	4
49	1488	1489	275	3
267	378	1477	2
173	1478	1
1432	1
1487	1
277	1
293	1
47	1
1479	4
49	1488	1489	1502	3
267	378	1477	1
277	1
293	1
47	1
1479	4
49	1488	1489	1503	3
267	378	1477	1
271	1
47	1
1479	4
49	1488	1489	275	3
267	378	1477	2
173	1478	1
1487	1
277	1
264	1
1487	1
1432	5
277	1526	1485	1297	1477	2
173	1478	1
1487	1
277	1
980	4
1505	1485	1297	1477	2
173	1478	1
1487	1
277	2
173	1506	1
1293	3
1485	1297	1477	1
1432	2
173	1478	1
1487	1
277	1
264	1
1487	1
1507	4
173	1485	347	1432	1
277	1
293	1
47	1
1479	4
49	1488	1489	1392	3
267	378	1477	2
1494	1477	3
1494	347	1432	1
277	1
293	1
47	1
1479	4
49	1488	1489	1392	3
267	378	1477	1
1432	2
1494	1477	3
1494	347	1432	1
277	1
293	1
47	1
1479	4
49	1488	1489	1392	3
267	378	1477	2
1494	1477	2
1494	1477	1
277	1
293	1
47	1
1479	4
49	1488	1489	1508	3
267	378	1477	3
1494	1509	1477	1
277	1
293	1
47	1
1479	4
49	1488	1489	1508	3
267	378	1477	3
1494	1509	1477	1
1432	2
173	1478	2
173	1495	1
1432	1
1432	2
173	1477	2
173	1478	2
173	1495	2
173	1477	1
271	1
47	1
1479	4
49	1488	1489	275	3
267	378	1477	2
173	1478	1
1487	1
1432	1
1486	1
293	1
47	1
1479	4
49	1488	1489	1510	3
267	378	1477	1
277	1
293	1
47	1
1479	4
49	1488	1489	1511	3
267	378	1477	1
1486	1
293	1
47	1
1479	4
49	1488	1489	1512	3
267	378	1477	1
271	1
47	1
1479	4
49	1488	1489	275	3
267	378	1477	2
173	1478	3
173	265	1471	3
173	376	1432	1
1432	1
1432	3
173	1513	1477	1
277	1
1432	1
264	3
173	265	1471	1
1432	1
1487	1
271	1
47	1
1479	4
49	1488	1489	275	3
267	378	1477	1
271	1
47	1
1479	4
49	1488	1489	275	3
267	378	1477	1
271	1
47	1
1479	4
49	1488	1489	275	3
267	378	1477	1
271	1
47	1
1479	4
49	1488	1489	275	3
267	378	1477	1
271	1
47	1
1479	4
49	1488	1489	275	3
267	378	1477	2
173	1478	1
1487	1
1486	1
293	1
47	1
1479	4
49	1488	1489	1490	3
267	378	1477	1
1432	1
277	1
47	1
1479	4
49	1488	1489	1491	1
267	1
264	1
1487	1
1492	1
47	1
1479	3
49	1493	1488	1
2744	1
277	2
173	1477	2
173	1478	1
1487	2
1494	1477	1
1432	1
277	2
173	1478	1
1432	2
173	1495	1
1432	1
1432	2
173	1477	1
1486	1
293	1
47	1
1479	4
49	1488	1489	1496	3
267	378	1477	1
271	1
47	1
1479	4
49	1488	1489	275	3
267	378	1477	2
173	1478	1
1487	1
1432	1
1486	1
293	1
47	1
1479	4
49	1488	1489	1497	3
267	378	1477	1
277	1
168	1
47	1
1479	3
49	1493	1488	1
2744	1
47	1
1479	4
49	1498	1516	1527	2
388	1432	1
1486	1
293	1
47	1
1479	4
49	1488	1489	1501	3
267	378	1477	1
271	1
47	1
1479	4
49	1488	1489	275	3
267	378	1477	2
173	1478	1
1432	1
1487	1
277	1
293	1
47	1
1479	4
49	1488	1489	1502	3
267	378	1477	1
277	1
293	1
47	1
1479	4
49	1488	1489	1503	3
267	378	1477	1
271	1
47	1
1479	4
49	1488	1489	275	3
267	378	1477	2
173	1478	1
1487	1
277	1
264	1
1487	1
1432	5
277	1528	1485	1297	1477	2
173	1478	1
1487	1
277	1
980	4
1505	1485	1297	1477	2
173	1478	1
1487	1
277	2
173	1506	1
1293	3
1485	1297	1477	1
1432	2
173	1478	1
1487	1
277	1
264	1
1487	1
1507	4
173	1485	347	1432	1
277	1
293	1
47	1
1479	4
49	1488	1489	1392	3
267	378	1477	2
1494	1477	3
1494	347	1432	1
277	1
293	1
47	1
1479	4
49	1488	1489	1392	3
267	378	1477	1
1432	2
1494	1477	3
1494	347	1432	1
277	1
293	1
47	1
1479	4
49	1488	1489	1392	3
267	378	1477	2
1494	1477	2
1494	1477	1
277	1
293	1
47	1
1479	4
49	1488	1489	1508	3
267	378	1477	3
1494	1509	1477	1
277	1
293	1
47	1
1479	4
49	1488	1489	1508	3
267	378	1477	3
1494	1509	1477	1
1432	2
173	1478	2
173	1495	1
1432	1
1432	2
173	1477	2
173	1478	2
173	1495	2
173	1477	1
271	1
47	1
1479	4
49	1488	1489	275	3
267	378	1477	2
173	1478	1
1487	1
1432	1
1486	1
293	1
47	1
1479	4
49	1488	1489	1510	3
267	378	1477	1
277	1
293	1
47	1
1479	4
49	1488	1489	1511	3
267	378	1477	1
1486	1
293	1
47	1
1479	4
49	1488	1489	1512	3
267	378	1477	1
271	1
47	1
1479	4
49	1488	1489	275	3
267	378	1477	2
173	1478	3
173	265	1471	3
173	376	1432	1
1432	1
1432	3
173	1513	1477	2
173	1478	1
1432	2
173	1495	1
1432	2
173	1477	2
173	1477	2
173	1478	1
1487	1
277	2
173	1477	1
277	2
173	1477	2
173	1477	2
173	1478	1
1487	1
277	2
173	1477	1
277	1
168	1
1529	1
302	1
302	1
302	3
1113	230	1432	3
314	66	1530	3
1531	1532	1402	1
1432	3
230	646	33	1
1432	1
180	1
1533	1
292	1
47	1
1479	2
49	1534	4
1278	295	311	1432	5
435	508	1530	221	691	1
1432	2
691	1531	3
855	656	1432	4
646	256	510	128	2
847	1432	4
758	1383	612	312	2
1194	1432	3
496	1096	1027	3
1761	192	1432	5
1535	972	195	64	847	10
1432	532	535	872	651	1432	722	724	192	1530	4
173	1485	1297	1536	1
168	4
173	1485	1297	1536	3
168	353	432	2
1657	580	1
1432	4
846	224	73	1432	2
273	484	4
173	1485	1297	1536	1
168	4
173	1485	1297	1536	2
168	1432	4
352	314	66	1315	4
173	1297	1485	1536	1
168	4
173	1485	1297	1536	5
168	1537	1485	1297	1536	1
168	1
180	1
1538	1
1432	7
1657	173	1539	173	183	1297	1536	1
168	4
173	1485	1297	1536	2
168	1432	4
14	2037	612	1432	1
1540	4
173	1485	1297	1536	1
168	4
173	1485	1297	1536	2
168	1432	2
117	804	4
173	1485	1297	1536	1
168	1
302	1
302	1
1432	4
312	1284	910	1432	2
1189	1027	4
173	1485	1297	1536	1
168	1
302	1
302	10
1432	230	224	243	390	1432	1541	1027	1027	352	4
173	1485	1297	1536	1
168	1
302	1
302	1
1432	6
66	965	26	847	149	1432	3
312	1141	612	4
173	1485	1297	1536	1
168	1
302	1
302	1
1432	5
910	1373	1174	712	691	4
173	1485	1297	1536	1
168	1
302	1
302	1
1432	5
66	965	1542	317	1432	3
691	188	256	4
173	1485	1297	1536	1
168	4
173	1485	1297	1536	1
168	4
173	1485	1297	1536	5
168	1543	1485	1297	1536	1
168	1
180	1
1538	1
1432	7
1657	173	1539	173	183	1297	1536	1
168	4
173	1485	1297	1536	2
168	1432	1
317	4
173	1485	1297	1536	1
168	4
173	1485	1297	1536	2
168	1432	2
117	804	4
173	1485	1297	1536	1
168	1
302	1
302	1
1432	2
312	1284	4
173	1485	1297	1536	1
168	1
302	1
302	1
1432	5
26	847	149	312	1432	3
1141	612	317	4
173	1485	1297	1536	1
168	1
302	1
302	1
1432	2
1542	317	4
173	1485	1297	1536	1
168	1
302	1
302	1
1432	5
910	1373	1174	712	691	1
1432	4
173	1485	1297	1536	1
168	4
173	1485	1297	1536	5
168	1544	1485	1297	1536	1
168	1
180	1
1538	1
1432	7
1657	173	1539	173	183	1297	1536	1
168	4
173	1485	1297	1536	2
168	1432	1
317	4
173	1485	1297	1536	1
168	4
173	1485	1297	1536	2
168	1432	2
117	804	4
173	1485	1297	1536	1
168	1
302	1
302	1
1432	2
312	1284	4
173	1485	1297	1536	1
168	1
302	1
302	1
1432	2
1542	317	4
173	1485	1297	1536	1
168	1
302	1
302	1
1432	5
26	847	149	312	1432	3
1141	612	317	4
173	1485	1297	1536	1
168	4
173	1485	1297	1536	1
168	3
173	183	1477	2
173	1477	2
173	1478	2
173	1495	2
173	1477	2
173	1478	2
173	1495	2
173	1477	2
173	1478	1
1476	2
277	1432	4
1545	856	56	1546	1
292	1
47	1
1479	2
49	1547	2
1548	336	4
173	1485	1297	1477	2
173	1478	1
1476	1
277	2
173	1477	1
277	1
264	1
1476	1
1486	1
264	1
1476	1
1486	1
264	1
1476	1
277	1
293	1
47	1
1479	5
49	1480	273	1481	1482	1
267	2
173	1477	2
173	1478	1
1476	1
277	2
173	1477	1
277	1
292	1
47	1
1479	1
1549	1
293	1
47	1
1479	3
49	1489	1550	1
267	2
173	1478	2
173	1495	2
173	1477	1
1486	1
264	1
1476	1
277	1
293	1
47	1
1479	5
49	1480	273	1481	1482	1
267	1
277	1
293	1
47	1
1479	5
49	1480	273	1481	1482	1
267	2
173	1478	1
1476	2
173	1477	1
277	1
1293	1
237	1
1551	2
1552	1553	5
1554	1555	1479	173	1556	1
292	1
47	1
1479	1
1549	1
1293	1
237	1
1551	2
1552	1553	1
401	1
47	1
1479	4
1278	1485	295	1477	2
173	1478	2
173	1495	2
173	1477	2
173	1478	2
173	1495	2
173	1477	2
173	1478	2
173	1495	2
173	1477	2
173	1478	2
173	1495	2
173	1557	1
1432	2
173	1558	1
1432	2
173	1559	1
1432	1
1432	5
1
3349	1
61	2
642	1096	4
3350	3351	3352	3353	1
3349	25
1
3349	4
61	712	151	1012	1
3349	5
1012	1655	680	435	3354	1
401	1
47	1
3355	2
49	3356	1
3357	1
3349	5
1012	860	3358	3359	1012	1
3349	1
3349	2
1176	496	1
3349	1
401	1
1134	1
3360	3
49	3361	3362	1
3357	1
3349	2
642	1096	4
3350	3351	3352	3353	1
3349	1
3349	34
1
3349	1
3349	1
3349	1
3363	1
232	1
232	2
3364	3365	2
173	3366	1
1569	1
3367	1
3367	2
173	3368	5
3367	712	151	1012	3349	1
207	3
173	1485	3368	1
3367	2
173	3368	1
3367	2
292	3349	1
47	1
3355	3
49	3369	584	1
3370	1
3349	14
584	195	22	1176	3371	3109	2999	3349	2673	151	1012	207	1098	2260	3
173	1485	3368	1
3367	2
173	3368	3
3367	642	1096	4
3350	3351	3352	3349	1
3353	5
173	1485	383	3372	3373	1
3349	1
3349	