3
25
387
0.0675157
0
1
1477	384
0.0669923
0
1
173	268
0.0467551
1
1
1432	264
0.0460572
1
1
47	263
0.0458828
0
1
1479	262
0.0457083
1
1
49	243
0.0423936
1
1
1488	230
0.0401256
1
1
267	226
0.0394278
1
1
1489	216
0.0376832
1
1
378	191
0.0333217
0
1
277	139
0.0242498
1
1
1478	127
0.0221563
1
1
1487	108
0.0188416
1
1
271	90
0.0157013
1
1
275	89
0.0155269
1
1
293	88
0.0153524
1
1
63	81
0.0141312
1
1
1494	79
0.0137823
0
1
1485	27
0.0047104
1
1
302	14
0.00244243
0
1
420	7
0.00122121
0
1
273	3
0.000523378
1
1
401	2
0.000348918
1
1
79	2
0.000348918
0
2
173	1477	0
0
