2691
1
509	4
3952	755	324	3953	4
3954	1034	1456	1965	2
3955	3956	1
3957	1
2797	3
3958	3959	3960	2
3961	1069	2
1430	3539	1
2797	3
3962	3963	3964	2
3965	3966	1
186	2
1034	3967	2
3968	3969	2
1430	3539	1
3536	1
3970	3
543	911	613	2
20	2554	1
20	5
905	769	300	2754	532	3
1083	74	133	2
839	2488	4
836	1553	3971	3972	2
3973	3974	2
1867	271	2
189	190	2
1553	1142	2
20	3975	1
531	5
4	1786	3971	3972	250	1
3256	1
815	8
4	184	117	3976	3977	459	50	3978	2
141	3979	1
3980	1
3981	3
1091	3174	1912	5
294	3982	273	193	940	2
2048	133	7
351	117	3983	618	2680	459	3982	1
345	2
691	230	1
279	6
3592	1371	3984	3982	794	540	7
570	117	3985	3981	3978	673	3974	3
315	117	3986	2
1258	1096	1
570	2
3987	3988	2
3989	3624	3
505	1106	613	3
3990	211	299	1
794	3
279	564	2340	2
276	116	8
277	137	210	300	2754	103	280	1228	4
749	3991	278	536	2
467	336	2
3970	3346	2
236	237	1
1190	1
3970	4
905	543	300	2754	2
433	144	2
234	116	1
3953	4
658	221	1985	3992	3
3992	3981	3972	1
3973	1
3974	2
2098	3976	3
3993	1985	3992	5
3992	92	1553	678	50	4
3994	1391	564	5	1
417	1
3995	1
3996	1
3997	2
210	3417	1
2863	2
1365	869	1
3998	2
2	280	3
172	678	543	6
280	295	540	2172	964	794	4
279	3999	4000	4001	3
564	117	964	1
117	2
177	678	1
570	1
3989	2
3989	3624	3
505	1106	613	3
3990	211	299	1
1190	9
796	1019	255	4002	4003	4004	4005	1263	1143	3
43	1930	1143	4
5	432	550	435	1
1020	2
3989	3624	3
505	1106	613	3
3990	211	299	4
20	4006	1391	699	1
4001	1
3869	4
280	4007	193	4008	1
75	5
755	280	4009	193	425	2
236	237	2
1284	4010	4
280	302	1951	103	6
279	280	4	75	26	2019	4
796	280	1344	721	1
1278	4
20	2554	4011	4012	10
3204	26	509	39	4013	280	4001	302	761	1275	1
1020	1
831	2
236	237	1
831	1
831	1
3989	1
831	1
831	3
543	151	509	6
280	1275	1305	2266	1391	664	1
831	1
831	5
280	171	3218	1391	818	1
831	2
4014	66	3
4015	4016	508	1
831	6
179	1344	1096	74	284	831	1
678	2
1275	24	2
1275	3953	1
831	1
4017	1
279	2
280	3422	1
831	1
4008	1
831	1
831	1
4018	1
831	1
831	1
3346	1
831	1
831	1
831	2
236	237	1
831	1
831	1
831	1
3536	1
3970	1
831	1
831	8
509	169	285	190	2	169	531	831	1
831	1
831	1
1355	1
1745	1
2253	3
798	2306	1284	1
831	6
501	1284	123	4019	1430	4020	1
831	1
3218	1
2929	1
831	1
831	4
14	2658	4021	1301	2
509	280	1
831	1
673	1
831	5
48	374	1363	1511	3218	1
831	1
48	1
831	1
2160	3
2502	48	26	1
831	1
3	1
831	1
831	6
1365	1305	3953	4017	103	831	1
2266	7
92	4022	4023	1430	3539	4024	3953	1
831	1
831	2
4017	193	1
831	1
831	1
570	1
3989	1
831	1
831	2
3989	3624	1
831	3
505	1106	613	1
831	3
3990	211	299	1
831	1
1190	1
509	5
117	3011	759	794	1391	3
171	4025	1166	3
27	284	39	1
261	2
749	3604	4
279	564	750	1487	1
179	12
20	1997	1522	4026	117	1575	3586	193	4027	689	1575	3586	5
4028	402	749	1997	283	1
284	2
20	4029	2
279	2927	4
4017	532	747	715	3
1598	4030	1187	1
498	9
20	4031	93	280	2773	137	4032	564	91	3
279	4033	543	2
761	4034	1
116	3
20	4035	186	8
345	351	4023	296	4036	186	2	3615	2
20	4037	2
193	113	1
818	2
27	1232	13
3953	184	4038	1163	1164	233	1245	567	664	179	197	2	432	2
655	509	4
567	5	1284	4005	4
302	1679	1284	186	3
20	618	2554	4
4017	193	170	2501	1
750	3
3566	109	26	1
255	1
98	3
149	359	98	3
1641	4017	302	3
14	1133	1187	2
43	116	2
679	4039	4
283	336	491	283	4
1233	179	197	915	5
1233	14	911	1102	2209	1
3864	3
655	509	3346	3
543	451	1192	5
20	4040	839	4041	3615	2
4042	2773	2
839	1739	3
197	158	1192	2
543	117	1
98	3
1190	3346	509	4
4043	1180	72	1500	4
103	559	4044	4045	1
559	4
103	4046	4047	4048	3
4049	507	1143	2
655	509	5
184	4050	759	825	1143	4
190	1612	814	715	5
190	758	193	3219	1145	5
759	276	27	664	74	3
4051	568	759	1
14	1
570	5
564	1285	171	261	749	1
74	3
4052	684	670	2
175	4053	2
1285	255	4
27	814	801	735	5
179	197	171	60	568	10
20	74	4000	2235	280	849	378	818	1525	849	3
193	1935	4054	2
801	2554	2
359	2868	6
280	661	179	197	4055	4056	2
1608	171	2
1140	137	7
564	280	1365	1285	4057	1574	210	6
567	2226	5	54	534	567	2
1640	1952	3
4058	1285	4059	4
280	2551	494	4060	4
175	1256	759	541	1
4061	3
661	4062	4063	3
541	664	1301	1
149	4
567	664	283	4064	1
124	3
284	4064	1159	4
14	359	911	14	3
3869	915	4065	3
570	1501	889	10
1074	543	117	107	4066	1411	4064	3864	316	911	2
4067	3869	4
999	564	190	548	3
747	981	719	1
911	3
190	794	3677	1
911	1
664	2
27	4068	1
570	1
568	1
4069	1
1256	1
3864	1
3953	1
1190	5
570	1278	432	570	2532	1
283	3
691	189	1365	6
117	189	190	107	476	283	1
171	3
4070	54	2998	1
4071	1
50	2
149	2716	1
3208	1
1592	1
261	1
4072	1
4073	1
1987	1
4074	1
4075	2
4076	2002	6
197	54	149	72	4053	124	4
261	381	1693	1487	1
489	2
4077	2665	2
151	122	6
567	1579	4078	1365	541	664	3
2155	1190	4079	5
4080	689	4081	4082	715	3
356	685	4083	3
4084	1058	4081	1
4085	3
20	174	4086	1
1567	4
794	3689	4087	238	2
541	747	5
3416	4088	230	531	11	2
17	747	6
20	1424	818	193	1487	1752	2
818	4089	4
2278	4087	238	11	4
4090	4091	4092	1573	5
279	276	4093	758	60	2
2517	1573	6
570	124	1408	3696	329	4094	3
758	818	747	7
175	3829	4095	567	4081	4096	1411	1
20	2
189	175	5
567	402	4097	4081	116	1
570	7
691	189	190	4080	1125	1301	11	2
550	4098	2
1125	1137	4
20	4090	425	14	2
1424	193	2
279	2832	3
1566	2554	11	3
151	540	1303	4
351	128	550	11	2
543	4099	2
279	190	2
179	4100	5
3689	4087	498	366	285	2
4101	11	2
230	11	1
5	3
689	498	25	4
279	280	4101	1422	5
279	280	498	476	5	3
20	4102	2547	9
20	4103	4104	894	519	4105	498	4021	11	2
4106	1191	1
5	5
740	4090	425	14	11	2
1263	3606	2
2246	1301	3
279	171	3384	4
715	747	872	3847	1
857	3
4107	96	4038	6
20	4102	137	1301	1363	11	3
18	1768	540	4
145	175	3847	11	3
2246	74	149	1
4108	2
1863	3869	6
4	761	4109	4110	758	533	4
20	3425	534	991	3
27	1527	2387	1
4111	6
3729	4080	149	4112	2408	4113	3
1190	4114	1584	5
117	158	1145	3615	3864	1
1	4
2299	689	4115	4056	1
1612	1
20	2
1612	283	1
794	3
279	1981	1381	1
8	11
533	1777	3606	149	75	1608	261	14	596	4116	2408	1
11	4
1411	3219	1306	11	2
279	117	2
2095	4117	2
796	127	1
279	1
4118	1
8	2
533	4119	5
279	190	2124	117	689	1
834	4
796	1247	74	3617	2
4120	11	1
20	1
3617	1
531	2
3219	4121	1
806	1
796	1
4080	1
933	1
4122	1
673	1
1228	1
4123	2
189	190	1
4124	2
4125	2781	2
3829	4126	1
3864	1
4127	1
4128	1
681	4
20	179	432	3864	3
68	197	237	3
418	197	237	1
4129	2
145	2196	5
4130	836	1813	2196	1736	1
681	5
175	4119	1278	4131	531	1
356	4
689	54	4132	11	2
345	1981	1
279	1
231	1
708	2
4133	3219	1
318	2
279	1501	1
4134	1
145	4
20	4091	4092	701	2
356	175	1
1981	1
3864	1
4127	1
4128	7
1	4119	356	4135	158	857	139	7
4064	276	158	1020	4136	1483	158	3
158	857	445	1
269	1
284	1
1301	3
276	284	857	2
740	3774	4
4038	276	4119	11	1
98	1
3864	1
4127	1
4128	4
451	215	4137	1159	2
279	4130	1
284	3
284	4138	758	1
284	1
4139	4
189	190	1228	4139	2
3864	4140	1
4127	1
4128	5
1	543	230	54	2384	1
221	3
20	4040	821	1
1190	4
543	117	189	190	4
20	4087	17	981	1
798	1
285	3
1957	3783	531	1
11	1
2278	4
279	1370	4141	4142	2
2160	533	1
279	5
20	688	190	2934	519	1
8	1
533	6
20	171	4143	498	1120	11	3
402	498	1120	4
20	541	747	11	1
2278	3
796	2160	11	1
280	1
740	1
4144	8
981	4090	74	190	689	366	166	11	2
1637	11	1
190	3
740	171	277	3
1393	1180	11	1
402	1
279	2
796	2160	1
531	2
279	1370	3
895	1957	3783	5
279	1370	751	1424	11	1
689	1
4145	3
20	1138	147	1
689	2
366	11	2
528	11	3
1370	4087	3884	2
20	4146	1
2517	2
1370	4147	4
279	1957	3783	11	1
279	3
1120	1957	11	1
2278	4
279	280	402	366	3
279	190	819	2
757	3219	3
117	189	190	3
171	4005	179	3
4148	4149	11	1
4150	4
279	190	981	531	4
279	151	4151	11	1
4152	3
117	981	11	2
4153	3966	2
3615	11	2
942	111	4
279	190	4151	11	1
4152	1
359	2
796	3617	2
531	4121	1
4080	4
149	1138	1673	11	1
353	1
806	1
2860	3
1868	1331	1238	1
334	3
279	406	4154	1
673	1
386	4
567	4155	541	1228	4
4156	1233	4157	689	2
3219	1930	2
4126	11	3
175	3829	4095	2
279	2095	1
4158	1
4158	4
4159	4160	4161	4162	5
4163	4164	4165	4166	4167	12
4168	4169	4170	4171	4172	3815	4173	589	4174	4175	4176	589	1
4177	2
4178	4179	1
4159	1
589	1
912	2
4180	4181	8
4182	4183	4184	4185	4186	2944	4187	4188	2
4189	4190	5
4191	2800	4192	4193	4194	1
4195	4
4196	4197	4195	4198	1
4199	6
4200	4201	4202	4203	4171	4204	5
4200	4201	4205	4171	4204	1
4206	8
4207	4208	4209	4210	4211	4212	4213	4214	3
4215	4216	4217	1
4218	1
4219	2
4220	4221	1
4222	5
4182	4223	4224	4207	4225	4
4187	486	4226	4227	4
4228	4229	589	4230	5
3067	4231	4207	4232	4233	5
4234	4208	4235	4236	4237	1
4238	6
4239	4240	4241	4229	4242	4243	3
4244	4245	4246	9
4247	4248	4207	4127	3771	4249	2944	4250	4229	3
4244	4245	4251	3
4252	4160	4253	1
1325	3
571	1325	912	1
4254	1
435	4
4255	1102	255	508	1
4256	1
508	4
673	255	1371	170	1
1143	2
814	283	1
571	2
4257	4258	2
4259	4260	2
4261	4262	9
4182	4231	4237	4207	4263	4264	4265	2944	4266	1
1102	5
4267	4237	4268	626	4269	4
2944	4270	4271	4272	1
116	1
650	4
4273	4274	4275	4165	5
4276	4245	589	4277	4278	4
4279	4280	4281	4282	7
4207	4245	4283	4163	4284	4285	4286	1
4287	2
4273	4288	2
4289	4290	1
693	13
4291	1015	4292	931	269	261	261	363	2461	236	4291	2235	269	4
20	4291	939	283	7
4	404	112	1987	4291	1015	4076	3
33	48	359	3
2318	4293	283	4
20	4291	112	404	8
1040	4294	1734	451	188	158	4295	1155	5
234	4291	2204	948	188	2
296	57	1
4296	1
3322	2
20	4297	3
1365	2093	4298	2
2343	383	6
618	1229	4299	158	1159	2934	1
481	4
1981	2271	631	1072	2
1142	3251	1
1159	2
570	801	6
4300	4298	611	702	173	4301	3
20	1863	959	1
4302	4
20	363	755	622	1
4303	1
1365	2
1146	3688	2
60	2209	4
2127	2093	3397	4304	2
675	4305	1
4298	4
4300	4298	91	4306	1
553	5
470	51	887	237	785	2
4300	91	2
377	256	2
4307	332	1
1768	1
4308	1
4309	1
4310	4
1841	2594	834	441	6
162	839	895	932	4311	4312	2
498	2378	3
189	190	534	2
895	4313	1
831	2
498	4314	1
179	3
189	190	280	6
3833	4315	4316	4317	285	1228	2
4318	3604	1
785	1
4319	1
4320	2
4321	702	1
2786	2
4322	4323	1
1018	1
4324	3
347	1648	4325	1
4326	1
943	2
4327	1378	2
347	4328	1
309	2
39	1018	1
4324	3
347	1071	273	1
167	4
60	1040	300	618	1
652	8
246	1659	802	521	955	568	836	4324	2
139	2355	1
4324	17
4329	895	4324	1524	4330	4331	4332	167	4333	2174	4334	347	895	649	4324	273	167	6
1019	100	276	167	2174	4324	1
678	4
2399	543	689	4335	1
796	2
740	1147	3
1133	4336	1102	4
316	911	4337	432	1
20	2
4338	494	4
4339	4	4340	1905	1
1031	2
236	237	1
1219	2
189	190	2
1031	1195	1
1129	2
2399	1122	3
3864	4341	4342	1
1079	1
1102	3
796	4343	4344	5
755	3683	1095	3606	1078	1
230	1
96	1
227	5
4345	2437	4017	4346	2676	1
4017	2
4347	4348	2
230	1307	2
679	4349	3
4350	4351	4017	1
4352	7
570	277	1625	147	1456	3833	4353	1
4354	2
54	4355	1
725	6
1096	3604	709	147	1577	14	1
1145	3
230	725	1079	2
189	190	6
279	165	174	307	4356	255	1
2554	1
664	1
423	3
3605	4357	1219	6
895	794	190	3606	873	190	1
3604	1
3606	2
279	391	7
2287	758	313	4358	4359	3784	3849	2
1238	3606	2
798	1595	1
255	7
3612	230	3604	725	189	190	255	1
3613	6
255	570	2902	4017	4360	596	3
747	316	721	2
4361	4362	1
673	2
280	3609	1
141	1
4363	1
822	4
2095	25	4364	4365	2
1137	284	2
435	4366	1
3346	2
236	237	4
1	2	4	3	3
509	4367	4368	2
324	71	7
894	4369	3346	535	4370	383	216	1
887	4
4371	1487	187	282	2
171	282	3
4372	233	872	2
20	819	1
4369	1
3346	1
1608	5
4373	187	474	3220	187	4
4	822	470	765	2
283	2019	2
189	190	4
20	2002	470	4374	1
765	1
27	3
2212	1116	25	3
20	4375	4	2
723	3566	1
4376	1
831	3
1229	1222	222	1
831	1
467	1
831	1
3672	1
831	1
2797	1
831	3
1642	723	2212	1
831	1
831	4
3169	232	2226	4377	3
591	4377	636	4
186	57	487	522	5
169	1286	5	550	665	1
190	1
653	3
1242	528	2196	1
195	1
20	2
543	387	3
279	958	14	2
543	1996	5
740	684	302	4378	4379	4
756	4380	750	116	2
20	2345	4
668	1072	4381	1277	4
276	1573	1072	74	8
149	879	1096	74	1277	668	1072	14	5
740	171	494	3566	1312	1
1633	4
1957	14	2182	4	3
67	1225	2952	1
116	1
740	1
116	2
570	356	1
116	1
67	2
190	747	2
279	4382	6
377	543	757	316	7	12	1
20	1
964	4
277	1501	235	1122	4
4383	2279	4384	72	7
277	1349	2279	1163	494	193	4385	1
796	2
179	5	2
236	237	1
767	3
2278	4386	667	1
4387	3
4388	1393	2123	6
20	3689	1804	3689	667	2628	3
740	124	149	3
2123	800	2	2
130	2372	1
4389	2
236	237	1
4318	2
151	681	1
356	2
4390	4391	2
236	237	2
1190	767	6
27	836	151	2123	130	11	1
2499	4
130	1500	3219	1393	6
740	124	696	3689	300	6	5
190	857	3689	193	1331	5
467	1159	4392	219	3334	4
179	197	915	283	1
4393	4
435	436	2155	237	5
1139	1233	1410	1040	1565	2
284	708	3
567	541	1228	1
571	2
655	571	3
543	661	451	4
467	221	1096	283	1
467	15
351	14	1410	1565	1040	631	1842	754	1782	4394	29	3647	1302	1147	2528	1
233	2
1410	1040	2
189	190	2
27	818	2
296	57	2
4393	4395	1
4396	1
3088	4
467	182	3088	1981	1
571	2
27	3	3
621	1013	476	2
1329	39	3
1133	233	1804	2
4397	541	2
801	2874	3
1854	335	2	1
57	3
4398	4399	4400	1
387	2
1698	250	1
4401	1
956	1
186	1
2797	1
1180	1
2226	6
60	3166	2772	702	4402	1642	4
4	271	230	4403	2
2864	14	1
571	3
4404	1642	508	4
279	4043	1981	230	3
1981	229	433	6
418	104	370	2167	678	982	6
27	1147	261	715	664	1284	1
634	2
2226	1020	1
4405	3
15	66	160	1
2785	2
4406	839	1
974	2
1511	284	2
707	113	1
6	4
2585	650	2754	72	1
284	1
237	2
1576	75	3
2772	1524	1008	1
230	4
693	1170	4407	26	8
91	329	4408	388	151	321	2818	1280	1
740	2
236	237	3
4409	4056	4410	4
20	4411	4412	1930	2
20	3980	3
4413	4414	4415	7
20	273	527	3693	36	1582	26	2
36	4416	2
4417	1020	2
36	4416	1
54	4
3693	4418	440	4419	2
2196	3295	3
4420	92	4421	5
396	1509	387	776	26	3
3169	4413	4414	3
279	396	4422	4
1582	2121	26	388	1
298	5
20	4420	527	3693	36	1
54	2
4423	14	3
4424	4425	3682	6
20	1019	2810	527	3693	36	6
899	180	3693	1566	527	4426	7
276	4427	15	4428	4053	4429	116	2
4430	1850	1
116	3
961	2234	273	1
116	1
4424	3
329	981	167	3
2840	489	1861	5
4431	527	666	4432	728	1
1854	1
116	1
4414	3
304	1685	26	3
20	4433	273	8
371	2337	167	1509	4434	26	7	4435	2
4436	4437	9
380	381	606	4438	2245	4439	4156	1648	4414	2
1758	4440	2
998	14	1
116	6
417	3849	107	1027	664	4441	1
116	1
276	5
4427	527	3693	1169	36	4
4420	4420	3082	167	4
4413	4414	342	3169	5
4442	4443	591	3169	4444	4
4407	4445	342	4446	1
55	5
3814	4447	342	3169	4448	6
54	1708	4449	591	3169	1763	5
1456	4450	591	3169	4451	4
3408	4452	28	591	3
3739	250	4453	3
756	4454	591	3
4455	515	4455	4
4456	4457	4458	3994	5
4459	4460	591	4334	4461	6
3702	4462	342	3169	4463	11	1
4464	1
576	4
4465	2500	591	4466	1
86	1
1138	6
4467	4468	342	3169	4467	4468	2
4305	4469	6
4470	2748	556	3169	4471	556	1
3789	4
3710	4472	342	3169	3
4473	250	4474	3
4475	4476	342	2
2363	749	1
250	2
4477	4474	6
54	693	694	3286	39	573	3
4478	4479	3286	2
1542	4480	5
213	342	3169	4480	600	6
54	4481	3135	591	3286	3056	1
4482	3
1456	4483	28	1
14	3
4484	14	4485	5
3710	4486	28	4334	4487	5
54	4456	4488	591	4334	2
279	1743	3
3623	4489	342	3
1302	749	4490	1
1302	5
4491	4492	28	4334	1325	1
874	2
1250	2457	6
756	4493	591	3286	4494	4495	4
54	1456	4496	4497	3
572	1169	4498	3
319	3574	4499	3
1456	4500	591	2
3192	422	5
4501	2279	591	4502	4503	5
765	4504	4505	250	246	3
786	615	4506	3
4507	4508	342	4
300	1627	652	573	4
266	4509	3169	4510	4
4511	4512	15	28	3
1743	250	4513	7
4514	4515	28	86	248	208	11	2
4516	4517	1
28	3
4518	4519	4520	3
1904	4521	591	2
4466	755	2
344	4466	3
54	1899	4522	4
4523	342	3169	1325	2
874	1250	2
2457	1315	1
652	2
54	1386	5
28	260	93	261	4524	4
54	3550	3404	4505	4
4525	319	54	293	1
14	7
54	3914	4526	28	4334	3219	4527	4
4528	4529	4530	2078	4
4531	4532	28	3169	1
2676	1
20	2
1743	4533	5
54	310	2707	28	591	1
556	2
4534	4535	3
1456	3578	591	3
4536	4537	1205	2
250	4538	6
54	3914	2279	591	3169	4539	1
4540	1
1205	4
4541	4542	4543	415	1
66	5
54	3550	4544	250	591	1
674	2
1205	3654	1
1646	4
54	4545	4546	28	3
654	319	4547	2
54	693	3
4548	4497	3748	3
4549	615	3752	2
4550	4551	6
2219	260	387	4552	1249	4553	4
20	241	527	3693	5
4420	3693	3082	167	4554	5
4511	4555	3169	1459	4556	5
1456	4557	342	4558	4073	8
1034	4127	15	4497	4334	4559	4560	4561	6
4562	4563	591	3169	4564	4565	5
4566	341	591	4560	4561	5
4470	4567	3169	4568	4073	5
4569	4570	591	4571	1323	6
4572	4573	3169	4574	241	1579	6
4575	4576	341	342	4577	4072	7
4578	4579	591	3169	4580	4482	4581	2
3168	4582	5
4583	591	3748	1579	1579	8
1034	4584	591	3286	4585	4586	207	2676	1
20	4
4587	4588	342	4581	2
4589	4581	7
4590	4591	246	248	3574	1977	4075	4
4592	4593	342	989	2
1318	989	6
4594	4595	591	4596	1205	4597	6
3710	4598	4334	4599	4600	1252	2
250	4556	2
1899	4601	4
4602	1898	3169	4603	1
4604	2
4605	2081	5
3625	4606	3169	1111	2167	2
1203	4556	6
765	1692	3169	1252	522	11	2
527	4556	5
4607	5	3169	4608	4556	4
4609	4610	341	342	3
3169	4490	1302	2
2377	4073	5
2169	3872	1376	4611	634	6
3362	4612	591	2813	4613	11	1
823	1
3155	1
4071	1
3362	4
1082	4334	4614	4556	5
4615	4616	591	4617	4618	8
4619	4620	4621	246	248	4622	388	4580	4
4623	2707	250	341	3
591	1251	4556	2
4624	4625	1
4626	6
4627	341	342	4628	4629	3106	5
4630	4631	591	4632	1323	4
4633	4634	86	4635	3
3286	4636	201	5
4637	4638	591	4639	1323	6
4640	4641	3169	4642	250	4643	6
4644	4645	1376	4646	4560	4561	7
4647	4648	568	86	4473	4580	4580	4
1904	4649	1579	4650	2
359	4651	1
791	1
1579	3
4652	4653	1722	6
4654	248	568	4655	4656	2081	2
4657	4658	3
4659	250	341	3
591	1251	4556	6
4660	4661	4662	3169	4663	4556	6
4664	4665	3169	4665	250	4075	7
4666	4667	591	3169	652	4668	4669	7
4670	4671	86	248	4672	4074	4074	7
4511	4673	342	4674	250	4560	4561	5
4675	2699	591	4676	2938	2
4677	4678	6
4679	1376	3169	4680	4681	4073	1
4682	1
4683	4
4684	591	4685	4686	2
1757	4687	6
4688	4689	4690	341	342	1325	1
874	3
1250	4691	201	4
4590	4692	3169	4556	3
4693	4694	646	2
248	633	1
4695	5
39	91	1804	1868	4696	3
279	190	38	1
4697	2
796	230	1
4698	5
197	4698	679	23	39	5
197	4699	4700	23	39	4
279	2155	476	716	2
2758	723	3
519	1085	2863	1
4122	1
166	1
4701	3
2452	425	4702	2
4701	4703	1
1648	2
4704	4315	2
179	197	1
151	1
507	2
212	4705	1
2058	2
27	256	5
215	52	4706	4554	4707	1
4149	5
1364	4150	4708	4709	144	2
4710	4383	1
1163	3
4711	895	4712	4
215	273	744	4713	1
128	1
129	1
27	2
3704	4714	2
4715	4716	1
202	1
4717	1
2786	1
1	3
4	2554	1159	1
4718	1
4719	1
4720	1
4721	3
174	4722	846	4
280	345	169	103	4
193	4723	543	2547	1
261	2
72	3219	2
179	197	1
787	2
236	237	1
831	1
831	2
396	1303	1
171	1
831	1
175	1
831	4
179	531	2375	4724	4
117	137	124	467	1
1250	1
4396	1
3088	7
3088	4725	1648	758	117	664	536	1
509	6
3320	4726	232	4727	231	4728	4
16	4729	4730	3384	2
4731	279	1
1082	2
567	3	2
27	509	6
27	2773	459	14	4732	4346	1
1331	1
1620	4
39	572	573	23	2
27	92	2
3351	4346	4
190	402	60	283	1
4733	3
800	4734	642	4
283	661	1619	14	3
4735	4722	561	11
190	4346	3286	2155	759	137	4736	531	543	4737	1207	2
1285	54	3
592	3953	661	2
645	509	1
509	7
740	435	166	236	96	117	190	1
1620	2
14	4738	2
423	1415	2
2456	4739	2
1430	3539	2
1520	4740	2
566	2487	1
1129	2
531	1125	2
279	4733	6
20	171	14	60	3423	137	1
2471	3
74	570	819	8
1331	2124	2345	3729	125	26	2532	34	3
999	564	366	1
815	2
1160	4739	5
261	550	1813	981	825	1
740	1
124	2
796	2747	2
166	273	1
4741	1
1422	3
740	149	4733	1
550	3
1813	1637	4742	1
27	1
370	3
2987	1540	283	4
1238	396	38	3623	3
4	149	1755	4
740	1813	4743	1124	2
126	166	4
543	2773	688	14	2
193	4	1
749	6
20	498	3604	2278	193	296	1
829	1
829	1
4744	1
831	1
829	1
829	1
4745	1
831	1
829	1
829	1
4746	1
831	1
829	1
829	1
4747	1
831	1
829	1
829	1
4748	1
831	1
829	1
829	1
4749	1
831	1
4744	1
4750	1
4745	1
4750	1
4746	1
4750	1
4747	1
4750	1
4748	1
4750	3
5	2456	14	4
1410	12	4021	4751	1
4752	3
759	54	1159	6
117	316	1307	4753	1376	2545	5
3114	149	1391	747	4754	3
137	5	1280	5
5	2249	1332	730	4	1
4108	3
4755	4756	7	3
3937	4757	758	2
796	189	3
4752	1147	3864	3
279	4758	1807	2
4758	4759	3
233	1069	1072	1
4760	4
279	4761	179	4762	1
321	3
417	2528	4763	1
4764	2
236	237	2
498	4765	1
831	3
221	570	125	10
189	175	193	181	4766	4082	4757	1219	1637	20	1
626	1
857	5
4399	618	4767	857	1020	3
279	750	4768	1
780	1
4769	1
874	1
1113	1
794	4
279	190	14	371	5
425	285	4770	137	3108	1
507	2
4768	780	1
4769	1
874	1
1113	2
236	237	2
1666	491	1
4771	7
1	4115	179	567	4382	4080	11	3
359	316	170	2
796	4772	1
740	6
814	755	74	2665	757	1306	2
570	1501	2
1971	11	2
189	190	2
20	1228	1
4	1
796	2
277	1981	6
567	2151	3829	550	747	3390	1
3864	1
3953	1
4128	2
1	681	2
4733	879	6
237	221	170	1143	1566	4773	1
1159	5
4774	231	227	1159	481	2
54	1106	6
4774	4722	1125	3219	1143	440	3
4775	3760	4776	1
1190	2
2123	11	1
4119	2
277	1490	2
329	14	4
740	543	1278	116	1
54	1
4776	3
1520	4740	4777	1
713	1
4774	1
2786	1
116	1
54	2
541	540	8
2786	625	1020	299	276	302	4778	14	5
4779	4780	4781	1957	116	1
2716	1
1020	1
116	2
4782	1148	1
1487	1
4783	1
4784	1
4785	1
4750	1
4786	1
4750	1
4787	1
4750	1
4788	1
4750	4
662	763	1326	2653	1
11	3
4789	4790	167	3
815	351	940	1
545	1
4791	2
2226	4792	3
655	681	3672	3
4793	1257	271	2
5	149	2
3219	3864	3
1	2	3604	6
20	721	4794	583	283	4795	1
721	3
60	2863	933	7
189	190	759	149	250	125	4796	4
250	1096	4797	12	2
667	583	4
489	505	4798	250	4
4798	250	2250	4381	6
14	940	4794	2322	2431	4799	5
958	14	3566	1445	4800	1
999	2
68	4801	2
279	611	1
189	1
190	2
721	4802	1
1422	5
541	384	677	4803	4021	1
250	4
721	611	189	190	5
459	721	280	283	822	11
546	123	505	366	619	120	4804	334	4795	558	820	3
1147	721	4795	2
123	4378	8
1124	799	171	1344	560	376	417	1565	2
498	189	1
2529	4
4	546	4795	133	1
34	11
4805	276	3864	3586	713	3653	2249	125	2195	1288	645	4
14	249	4795	4806	3
334	3687	820	7
1422	296	1241	14	4021	794	4795	1
14	4
3869	4068	4021	196	1
4807	4
543	117	276	3775	2
1160	1331	1
18	1
18	2
664	86	1
567	6
796	825	189	190	1430	1434	3
5	2860	184	1
873	3
1	4808	4809	6
230	4810	466	1145	378	570	3
691	1410	4140	1
4808	2
279	750	2
20	713	3
14	378	531	1
740	6
1031	4811	1125	1371	7	135	7
4305	4005	26	2362	4812	26	2019	5
689	4813	498	4722	3604	2
543	117	2
276	1190	1
567	4
740	467	895	755	2
1981	4808	1
4814	3
673	4815	279	2
785	4816	1
4817	2
4064	1284	1
4818	1
4819	2
125	113	3
588	355	3529	5
740	1233	689	4820	755	2
765	4821	2
4822	2783	3
3167	4823	2712	3
2167	387	900	3
1785	36	4824	3
750	211	4825	1
4826	3
402	4827	171	1
507	2
236	237	2
236	237	1
831	1
116	3
4828	1597	184	1
831	3
3758	1597	184	1
116	1
831	1
831	2
4829	4830	1
1467	6
14	316	284	2549	664	2385	2
1122	4831	2
1718	3872	2
4832	4833	6
1331	2	189	190	127	109	4
4834	839	1363	2848	7
4	371	3758	666	964	4835	816	3
391	4836	3983	5
359	986	839	2665	873	1
1307	1
418	4
801	4713	4837	929	1
467	2
4838	359	1
721	4
4836	879	531	4839	2
1501	8	1
4840	1
4841	1
4842	1
4843	3
305	981	186	10
2549	570	814	2665	958	1363	4844	531	4004	4519	1
4845	7
122	123	284	454	171	141	3	1
27	2
1718	3872	10
20	4846	26	1487	4021	4847	3204	1782	3615	26	4
20	662	3053	3177	5
4848	4849	4021	4850	4847	10
20	388	126	4149	4851	2279	4852	4122	4122	2243	2
1069	4846	6
796	4	4853	4854	4855	4856	1
4855	6
543	4857	3566	4858	2295	1329	2
1930	3615	5
504	2966	494	2441	4859	1
1262	1
4860	3
3566	4861	551	3
86	4862	4862	1
4862	1
20	3
296	4863	4862	1
3849	3
4863	1984	4864	2
2753	4865	1
4866	2
4862	171	1
1422	1
2380	3
27	763	4857	3
279	334	4867	2
4868	4869	2
567	541	1
1422	4
4870	4139	4871	74	6
750	4872	3376	713	4872	702	6
1501	4872	113	278	2783	128	10
223	1957	735	2002	877	4873	356	179	4411	54	4
4411	54	4874	7	1
4875	2
117	179	1
4876	3
230	4872	3376	1
713	2
4877	772	3
2987	1540	283	4
1238	396	38	3623	2
4	149	1
1755	4
740	1813	4743	1124	1
126	1
166	4
543	2773	688	14	2
193	4	4
796	230	1797	27	1
4878	2
3935	57	2
27	12	1
3936	1
3945	2
3936	3946	5
1981	3947	3948	1186	3949	1
1180	1
294	3
4879	4880	4751	2
633	4881	1
4127	1
1220	3
232	3	57	2
20	2570	1
217	5
197	1308	1309	909	995	1
1190	4
467	1736	232	147	6
550	1813	197	147	1766	250	1
740	2
308	2554	2
3219	1159	6
886	418	280	4882	363	1566	2
1351	2979	3
35	4883	1622	3
4884	4885	356	2
740	1680	1
696	2
981	825	3
4100	4516	1330	3
179	4886	1138	4
313	1157	461	2254	1
4887	4
3817	113	4255	821	3
149	821	822	2
933	3599	3
1139	284	4762	2
571	912	1
4888	2
655	4889	3
1561	1549	113	3
255	1430	3539	1
801	2
822	821	2
564	193	4
506	1673	821	179	2
4762	321	3
2124	284	158	1
1673	1
175	2
1673	2377	1
27	1
1282	2
4887	4890	3
1813	1302	4888	3
4891	4892	4888	2
4893	4894	1
4895	1
4396	1
3088	4
3088	735	4896	2882	2
323	515	1
664	1
20	6
189	190	1180	72	3374	1181	1
4897	2
236	237	1
4897	4
1139	4898	744	3218	2
1566	4899	1
74	2
4571	4900	4
567	550	747	122	1
571	1
4901	2
567	1238	3
189	190	359	1
107	3
1147	3374	1181	7
648	4902	283	1977	1739	1305	4903	1
4904	4
1125	3099	3174	4905	3
43	4025	4906	5
48	4907	4908	54	293	2
262	4909	1
534	4
389	406	981	283	4
4910	1284	186	2039	1
1452	1
567	1
296	1
4897	2
236	237	1
4897	1
27	3
284	113	98	3
359	911	186	1
113	4
298	3082	256	147	3
1766	486	60	4
1139	4898	744	2501	1
567	1
4911	2
284	1654	6
1139	197	72	38	39	1111	2
4912	1565	3
1139	284	273	1
440	3
1654	137	3614	3
707	5	3585	4
137	124	232	2054	2
417	1612	1
190	3
758	2528	906	1
571	1
571	2
655	571	1
567	1
567	3
279	165	1938	2
1422	1277	1
2019	5
166	557	355	2362	4913	1
174	1
1277	9
184	476	2246	4914	308	261	184	308	3295	5
2357	645	728	636	3295	3
801	560	744	12
570	664	149	39	2724	167	359	569	1111	261	370	1329	1
1079	4
2442	801	515	387	1
1138	1
1166	6
661	1565	895	755	1095	1111	3
190	4915	1612	1
3	2
4916	571	3
27	296	57	2
4911	4917	1
4819	2
125	113	3
588	355	3529	2
655	1310	1
4918	3
451	3011	174	3
1971	395	467	3
1483	283	1736	2
4919	467	1
315	1
14	3
4920	60	955	2
1559	116	1
515	2
4394	4921	2
57	815	2
917	536	1
3569	4
467	4922	187	3913	3
1079	1180	467	4
1854	4923	631	2124	4
557	76	895	1207	2
1017	4924	3
557	761	4925	2
57	2767	1
60	4
384	1592	994	653	1
4926	2
596	4922	3
1646	891	3256	2
296	57	2
4927	4928	1
3381	1
3381	2
655	1312	1
912	3
564	1353	255	2
557	133	1
567	2
796	1276	2
151	335	3
1233	1192	911	1
1638	2
3219	72	1
1282	2
3950	4929	2
3950	4929	1
3234	1
691	1
664	2
189	190	4
5	4930	494	65	1
571	1
571	2
230	2226	2
117	1238	2
1638	1284	2
399	511	2
1125	4931	4
2397	54	4722	1930	1
4932	3
4933	4931	2397	3
279	4934	4935	2
1190	693	6
279	190	276	564	1285	149	8
14	648	3791	1285	1225	14	648	39	2
567	1228	2
4936	4937	2
4938	4939	3
415	418	4940	2
4938	4941	1
4942	1
4943	4
5	2860	567	1238	5
296	806	4944	4126	1195	1
57	1
4945	7
75	4946	4947	399	169	969	1832	2
728	3	8
75	1511	3774	221	3219	1159	4948	229	1
74	2
2006	2474	2
296	57	1
4296	2
655	693	2
543	689	2
1233	1238	2
1258	4949	5
149	2697	189	190	122	1
20	1
4056	4
179	197	915	749	8
117	806	4774	3204	661	54	26	4950	1
4951	3
3864	1109	1365	2
873	825	2
1258	2066	1
1282	1
4590	1
831	1
831	1
4590	1
831	1
831	9
20	1363	531	186	4944	4952	543	4382	831	3
4949	4953	210	3
179	3838	3864	1
831	5
184	3864	1501	3219	831	1
3219	1
4954	1
831	1
831	4
228	2172	959	437	1
831	1
831	3
3864	1501	3219	3
384	5	149	1
831	1
831	4
873	2492	570	14	1
179	1
831	3
197	2697	184	1
831	4
4955	4956	4384	831	1
3219	1
831	1
831	1
873	1
831	1
831	1
693	1
831	1
831	2
236	237	1
831	1
831	2
693	11	1
228	1
831	5
117	27	4933	4957	221	1
831	1
564	1
831	1
1275	1
831	3
564	1331	1549	1
831	1
831	7
228	917	170	280	2064	759	831	1
284	1
831	4
959	4949	4958	433	1
20	1
831	1
6	1
831	1
831	1
6	1
831	1
831	1
831	1
4056	3
20	4949	2002	3
740	543	2095	1
831	1
831	3
189	4959	284	2
3204	4000	1
831	1
831	1
831	1
831	3
27	151	437	1
831	2
3935	57	1
831	1
4590	1
831	1
831	1
831	1
831	1
831	1
831	1
831	1
831	1
4720	1
831	1
831	1
831	1
831	1
831	1
831	3
832	39	23	2
833	328	1
831	6
441	444	443	834	468	60	1
831	3
406	445	20	1
470	1
60	2
448	471	1
831	2
449	450	2
406	445	1
831	3
194	451	445	2
232	472	1
831	2
474	237	2
215	835	1
831	6
406	836	837	588	303	831	5
838	245	136	39	23	1
831	4
328	406	445	839	1
831	4
840	520	136	841	1
831	1
27	1
831	1
4720	4
693	1170	4407	26	8
91	329	4408	388	151	321	2818	1280	1
740	2
236	237	3
4409	4056	4410	4
20	4411	4412	1930	2
20	3980	3
4413	4414	4415	7
20	273	527	3693	36	1582	26	2
36	4416	2
4417	1020	2
36	4416	1
54	4
3693	4418	440	4419	2
2196	3295	3
4420	92	4421	5
396	1509	387	776	26	3
3169	4413	4414	3
279	396	4422	4
1582	2121	26	388	1
298	5
20	4420	527	3693	36	1
54	2
4423	14	3
4424	4425	3682	6
20	1019	2810	527	3693	36	6
899	180	3693	1566	527	4426	7
276	4427	15	4428	4053	4429	116	2
4430	1850	1
116	3
961	2234	273	1
116	1
4424	3
329	981	167	3
2840	489	1861	5
4431	527	666	4432	728	1
1854	1
116	1
4414	3
304	1685	26	3
20	4433	273	8
371	2337	167	1509	4434	26	7	4435	2
4436	4437	9
380	381	606	4438	2245	4439	4156	1648	4414	2
1758	4440	2
998	14	1
116	6
417	3849	107	1027	664	4441	1
116	1
276	5
4427	527	3693	1169	36	4
4420	4420	3082	167	4
4413	4414	342	3169	5
4442	4443	591	3169	4444	4
4407	4445	342	4446	1
55	5
3814	4447	342	3169	4448	6
54	1708	4449	591	3169	1763	5
1456	4450	591	3169	4451	4
3408	4452	28	591	3
3739	250	4453	3
756	4454	591	3
4455	515	4455	4
4456	4457	4458	3994	5
4459	4460	591	4334	4461	6
3702	4462	342	3169	4463	11	1
4464	1
576	4
4465	2500	591	4466	1
86	1
1138	6
4467	4468	342	3169	4467	4468	2
4305	4469	6
4470	2748	556	3169	4471	556	1
3789	4
3710	4472	342	3169	3
4473	250	4474	3
4475	4476	342	2
2363	749	1
250	2
4477	4474	6
54	693	694	3286	39	573	3
4478	4479	3286	2
1542	4480	5
213	342	3169	4480	600	6
54	4481	3135	591	3286	3056	1
4482	3
1456	4483	28	1
14	3
4484	14	4485	5
3710	4486	28	4334	4487	5
54	4456	4488	591	4334	2
279	1743	3
3623	4489	342	3
1302	749	4490	1
1302	5
4491	4492	28	4334	1325	1
874	2
1250	2457	6
756	4493	591	3286	4494	4495	4
54	1456	4496	4497	3
572	1169	4498	3
319	3574	4499	3
1456	4500	591	2
3192	422	5
4501	2279	591	4502	4503	5
765	4504	4505	250	246	3
786	615	4506	3
4507	4508	342	4
300	1627	652	573	4
266	4509	3169	4510	4
4511	4512	15	28	3
1743	250	4513	7
4514	4515	28	86	248	208	11	2
4516	4517	1
28	3
4518	4519	4520	3
1904	4521	591	2
4466	755	2
344	4466	3
54	1899	4522	4
4523	342	3169	1325	2
874	1250	2
2457	1315	1
652	2
54	1386	5
28	260	93	261	4524	4
54	3550	3404	4505	4
4525	319	54	293	1
14	7
54	3914	4526	28	4334	3219	4527	4
4528	4529	4530	2078	4
4531	4532	28	3169	1
2676	1
20	2
1743	4533	5
54	310	2707	28	591	1
556	2
4534	4535	3
1456	3578	591	3
4536	4537	1205	2
250	4538	6
54	3914	2279	591	3169	4539	1
4540	1
1205	4
4541	4542	4543	415	1
66	5
54	3550	4544	250	591	1
674	2
1205	3654	1
1646	4
54	4545	4546	28	3
654	319	4547	2
54	693	3
4548	4497	3748	3
4549	615	3752	2
4550	4551	6
2219	260	387	4552	1249	4553	4
20	241	527	3693	5
4420	3693	3082	167	4554	5
4511	4555	3169	1459	4556	5
1456	4557	342	4558	4073	8
1034	4127	15	4497	4334	4559	4560	4561	6
4562	4563	591	3169	4564	4565	5
4566	341	591	4560	4561	5
4470	4567	3169	4568	4073	5
4569	4570	591	4571	1323	6
4572	4573	3169	4574	241	1579	6
4575	4576	341	342	4577	4072	7
4578	4579	591	3169	4580	4482	4581	2
3168	4582	5
4583	591	3748	1579	1579	8
1034	4584	591	3286	4585	4586	207	2676	1
20	4
4587	4588	342	4581	2
4589	4581	7
4590	4591	246	248	3574	1977	4075	4
4592	4593	342	989	2
1318	989	6
4594	4595	591	4596	1205	4597	6
3710	4598	4334	4599	4600	1252	2
250	4556	2
1899	4601	4
4602	1898	3169	4603	1
4604	2
4605	2081	5
3625	4606	3169	1111	2167	2
1203	4556	6
765	1692	3169	1252	522	11	2
527	4556	5
4607	5	3169	4608	4556	4
4609	4610	341	342	3
3169	4490	1302	2
2377	4073	5
2169	3872	1376	4611	634	6
3362	4612	591	2813	4613	11	1
823	1
3155	1
4071	1
3362	4
1082	4334	4614	4556	5
4615	4616	591	4617	4618	8
4619	4620	4621	246	248	4622	388	4580	4
4623	2707	250	341	3
591	1251	4556	2
4624	4625	1
4626	6
4627	341	342	4628	4629	3106	5
4630	4631	591	4632	1323	4
4633	4634	86	4635	3
3286	4636	201	5
4637	4638	591	4639	1323	6
4640	4641	3169	4642	250	4643	6
4644	4645	1376	4646	4560	4561	7
4647	4648	568	86	4473	4580	4580	4
1904	4649	1579	4650	2
359	4651	1
791	1
1579	3
4652	4653	1722	6
4654	248	568	4655	4656	2081	2
4657	4658	3
4659	250	341	3
591	1251	4556	6
4660	4661	4662	3169	4663	4556	6
4664	4665	3169	4665	250	4075	7
4666	4667	591	3169	652	4668	4669	7
4670	4671	86	248	4672	4074	4074	7
4511	4673	342	4674	250	4560	4561	5
4675	2699	591	4676	2938	2
4677	4678	6
4679	1376	3169	4680	4681	4073	1
4682	1
4683	4
4684	591	4685	4686	2
1757	4687	6
4688	4689	4690	341	342	1325	1
874	3
1250	4691	201	4
4590	4692	3169	4556	3
4693	4694	646	2
248	633	1
4695	4
2278	329	190	543	2
279	4960	2
236	237	1
4427	7
1563	536	5	1743	3268	54	515	3
380	381	382	5
39	3664	2003	10	4961	2
36	1105	3
4413	4414	4415	9
20	273	527	3693	36	1582	26	36	4416	1
4427	7
1563	536	5	1743	3268	54	515	2
4962	4963	5
126	100	380	381	382	3
380	381	382	1
4964	2
4417	1020	3
2813	4344	11	1
167	1
4965	3
20	4966	4967	6
536	4968	323	2189	4969	623	9
3406	567	536	4970	26	17	3729	344	353	5
1377	2952	536	65	17	6
353	1501	4971	1494	522	2676	1
20	2
4972	4255	1
536	6
1500	1120	2452	323	4973	42	4
115	323	4973	26	2
323	4973	7
483	688	14	4974	172	54	515	6
1377	4975	1563	4976	726	1805	7
1488	4977	2434	2139	726	4978	1805	6
1944	846	335	2449	1649	715	4
54	293	4979	1203	2
1227	744	6
933	1567	778	2760	536	598	1
283	1
2676	1
20	2
2798	4980	3
1245	1998	4981	7
4982	4983	1168	4984	1177	1227	4985	3
1168	137	54	8
20	522	784	2452	3053	784	3390	74	10
2798	4980	660	1516	181	1567	1168	4984	4986	4966	2
2555	744	5
536	2487	2760	54	3874	5
1176	1682	713	4987	387	9
1172	536	54	3874	3352	2798	4988	283	1649	2
323	4973	3
356	4989	4990	1
623	3
20	4991	4992	2
2311	1168	8
279	193	425	363	3371	3843	786	60	2
1005	1852	2
3169	4990	4
276	1168	4352	269	2
20	4993	1
4994	1
1171	2
1168	4995	3
276	4996	4997	2
286	116	6
818	758	356	895	543	2493	2
1971	1567	4
279	233	1501	988	1
116	3
2822	4998	3950	7
2653	1293	653	4999	353	536	283	1
116	2
69	1745	6
915	135	818	726	1805	1147	1
116	3
356	3757	5000	3
2822	4998	1377	1
116	1
3411	1
116	8
2822	4998	2443	1563	3371	1805	726	3295	4
6	338	2863	2676	1
20	1
2885	7
5001	1805	336	5002	606	5003	786	3
676	418	2501	6
536	596	870	17	5	1743	11
366	536	4146	483	1207	1598	344	118	335	1805	820	8
878	536	262	636	600	2046	1992	653	2
5004	611	4
359	2645	515	1277	4
522	3758	2449	283	2
418	1355	4
575	1992	395	26	6
551	784	334	575	543	26	8
20	5005	1994	621	5006	5007	600	2469	11
5008	784	749	1377	5009	536	4970	26	5010	878	858	7
575	2252	4085	958	43	1743	977	10
5011	533	653	2417	547	353	1170	522	811	708	3
536	1120	3371	3
2789	2790	23	2
39	23	8
356	489	2833	451	1171	4971	1494	522	5
522	5012	502	973	5013	1
116	2
4255	436	1
116	3
2952	4357	5014	4
1377	5015	3894	11	2
955	186	7
536	4	864	323	4973	2354	2798	6
415	2798	4974	1501	1168	744	3
356	5016	5017	3
1377	5018	5019	3
4989	2789	2790	1
186	6
276	167	560	197	1171	2676	1
20	1
387	10
39	356	2502	1137	1171	5020	697	522	5021	391	1
4417	3
2813	4344	11	1
167	2
895	905	5
39	3664	2003	10	4961	3
5022	5023	2003	2
36	1105	4
4417	1020	36	1105	11
1277	5024	5025	5026	2114	4865	261	5027	5028	5029	2780	3
39	233	3664	4
2114	4865	4961	2944	7
334	5030	5031	5032	5033	386	1693	2
39	5031	5
5032	26	3664	1693	4961	7
665	2482	223	556	9	10	160	2
5034	11	1
5035	5
1999	3417	5031	2114	5036	7
832	536	2003	174	5037	5038	334	2
1163	7	10
600	3266	5039	3664	5027	2629	1965	2772	5040	805	8
832	160	276	39	86	3664	1225	1693	4
3614	347	832	5025	4
5025	90	535	309	13
39	4081	665	5031	5032	5041	556	9	10	160	347	2884	5031	2
2114	5036	9
2509	1935	9	10	5042	5043	65	5044	5031	1
5031	2
2114	4865	1
103	4
636	5045	1252	5031	3
5032	1153	1693	4
2098	3606	461	5027	1
5028	2
3739	167	3
665	2482	5031	2
5046	3376	4
92	461	5027	3606	11
367	3465	356	39	648	1550	596	5031	5032	1153	832	5
145	5047	2868	1693	1153	2
75	1748	5
347	9	10	858	5031	2
2114	5036	8
556	9	10	160	4096	39	386	2884	7
778	160	356	998	5025	1574	832	1
116	8
241	5025	3256	832	3664	2629	5033	1642	1
116	1
671	11
3685	489	827	5048	744	281	308	1552	5049	1153	2884	4
20	2447	621	5050	2
356	160	1
4417	3
2813	4344	11	1
167	2
895	905	3
4413	4414	4415	7
20	273	527	3693	36	1582	26	2
36	4416	2
4417	1020	2
36	4416	1
54	4
3693	4418	440	4419	2
2196	3295	3
4420	92	4421	5
396	1509	387	776	26	3
3169	4413	4414	3
279	396	4422	4
1582	2121	26	388	1
298	5
20	4420	527	3693	36	1
54	2
4423	14	3
4424	4425	3682	6
20	1019	2810	527	3693	36	6
899	180	3693	1566	527	4426	7
276	4427	15	4428	4053	4429	116	2
4430	1850	1
116	3
961	2234	273	1
116	1
4424	3
329	981	167	3
2840	489	1861	5
4431	527	666	4432	728	1
1854	1
116	1
4414	3
304	1685	26	3
20	4433	273	8
371	2337	167	1509	4434	26	7	4435	2
4436	4437	9
380	381	606	4438	2245	4439	4156	1648	4414	2
1758	4440	2
998	14	1
116	6
417	3849	107	1027	664	4441	1
116	1
276	5
4427	527	3693	1169	36	4
4420	4420	3082	167	4
4413	4414	342	3169	5
4442	4443	591	3169	4444	4
4407	4445	342	4446	1
55	5
3814	4447	342	3169	4448	6
54	1708	4449	591	3169	1763	5
1456	4450	591	3169	4451	4
3408	4452	28	591	3
3739	250	4453	3
756	4454	591	3
4455	515	4455	4
4456	4457	4458	3994	5
4459	4460	591	4334	4461	6
3702	4462	342	3169	4463	11	1
4464	1
576	4
4465	2500	591	4466	1
86	1
1138	6
4467	4468	342	3169	4467	4468	2
4305	4469	6
4470	2748	556	3169	4471	556	1
3789	4
3710	4472	342	3169	3
4473	250	4474	3
4475	4476	342	2
2363	749	1
250	2
4477	4474	6
54	693	694	3286	39	573	3
4478	4479	3286	2
1542	4480	5
213	342	3169	4480	600	6
54	4481	3135	591	3286	3056	1
4482	3
1456	4483	28	1
14	3
4484	14	4485	5
3710	4486	28	4334	4487	5
54	4456	4488	591	4334	2
279	1743	3
3623	4489	342	3
1302	749	4490	1
1302	5
4491	4492	28	4334	1325	1
874	2
1250	2457	6
756	4493	591	3286	4494	4495	4
54	1456	4496	4497	3
572	1169	4498	3
319	3574	4499	3
1456	4500	591	2
3192	422	5
4501	2279	591	4502	4503	5
765	4504	4505	250	246	3
786	615	4506	3
4507	4508	342	4
300	1627	652	573	4
266	4509	3169	4510	4
4511	4512	15	28	3
1743	250	4513	7
4514	4515	28	86	248	208	11	2
4516	4517	1
28	3
4518	4519	4520	3
1904	4521	591	2
4466	755	2
344	4466	3
54	1899	4522	4
4523	342	3169	1325	2
874	1250	2
2457	1315	1
652	2
54	1386	5
28	260	93	261	4524	4
54	3550	3404	4505	4
4525	319	54	293	1
14	7
54	3914	4526	28	4334	3219	4527	4
4528	4529	4530	2078	4
4531	4532	28	3169	1
2676	1
20	2
1743	4533	5
54	310	2707	28	591	1
556	2
4534	4535	3
1456	3578	591	3
4536	4537	1205	2
250	4538	6
54	3914	2279	591	3169	4539	1
4540	1
1205	4
4541	4542	4543	415	1
66	5
54	3550	4544	250	591	1
674	2
1205	3654	1
1646	4
54	4545	4546	28	3
654	319	4547	2
54	693	3
4548	4497	3748	3
4549	615	3752	2
4550	4551	6
2219	260	387	4552	1249	4553	4
20	241	527	3693	5
4420	3693	3082	167	4554	5
4511	4555	3169	1459	4556	5
1456	4557	342	4558	4073	8
1034	4127	15	4497	4334	4559	4560	4561	6
4562	4563	591	3169	4564	4565	5
4566	341	591	4560	4561	5
4470	4567	3169	4568	4073	5
4569	4570	591	4571	1323	6
4572	4573	3169	4574	241	1579	6
4575	4576	341	342	4577	4072	7
4578	4579	591	3169	4580	4482	4581	2
3168	4582	5
4583	591	3748	1579	1579	8
1034	4584	591	3286	4585	4586	207	2676	1
20	4
4587	4588	342	4581	2
4589	4581	7
4590	4591	246	248	3574	1977	4075	4
4592	4593	342	989	2
1318	989	6
4594	4595	591	4596	1205	4597	6
3710	4598	4334	4599	4600	1252	2
250	4556	2
1899	4601	4
4602	1898	3169	4603	1
4604	2
4605	2081	5
3625	4606	3169	1111	2167	2
1203	4556	6
765	1692	3169	1252	522	11	2
527	4556	5
4607	5	3169	4608	4556	4
4609	4610	341	342	3
3169	4490	1302	2
2377	4073	5
2169	3872	1376	4611	634	6
3362	4612	591	2813	4613	11	1
823	1
3155	1
4071	1
3362	4
1082	4334	4614	4556	5
4615	4616	591	4617	4618	8
4619	4620	4621	246	248	4622	388	4580	4
4623	2707	250	341	3
591	1251	4556	2
4624	4625	1
4626	6
4627	341	342	4628	4629	3106	5
4630	4631	591	4632	1323	4
4633	4634	86	4635	3
3286	4636	201	5
4637	4638	591	4639	1323	6
4640	4641	3169	4642	250	4643	6
4644	4645	1376	4646	4560	4561	7
4647	4648	568	86	4473	4580	4580	4
1904	4649	1579	4650	2
359	4651	1
791	1
1579	3
4652	4653	1722	6
4654	248	568	4655	4656	2081	2
4657	4658	3
4659	250	341	3
591	1251	4556	6
4660	4661	4662	3169	4663	4556	6
4664	4665	3169	4665	250	4075	7
4666	4667	591	3169	652	4668	4669	7
4670	4671	86	248	4672	4074	4074	7
4511	4673	342	4674	250	4560	4561	5
4675	2699	591	4676	2938	2
4677	4678	6
4679	1376	3169	4680	4681	4073	1
4682	1
4683	4
4684	591	4685	4686	2
1757	4687	6
4688	4689	4690	341	342	1325	1
874	3
1250	4691	201	4
4590	4692	3169	4556	3
4693	4694	646	2
248	633	1
4695	7
5051	5052	1376	3169	3360	4697	997	1
806	5
279	750	689	1207	751	2
20	476	2
20	4315	2
2089	895	1
1501	2
20	839	2
567	316	3
1410	189	190	1
541	1
1648	1
2554	4
564	2246	151	1102	3
1102	1182	2532	3
20	1122	1147	3
1122	359	1745	1
190	1
5053	6
279	276	5054	1353	151	116	1
5	2
5054	1410	1
1542	1
57	2
1542	5055	3
108	765	5056	4
248	319	36	359	