3
9
5
1
0.877686
0.850241
0.022800
-1.055568
-3.982226
-0.869743
1.719245
-0.594865
0.344611
0.513976
0.989769
0.593175
-0.864194
-0.142366
-3.007527
0.572514
-3.087453
0.215236
0.528774
0.534292
0.039673
0.126829
2.193894
-0.365538
-2.879103
-1.154958
-2.000475
0.229989
-0.001337
-0.977622
0.127041
-1.350370
-1.502491
0.085632
-4.573403
-0.383390
-4.640644
0.642837
0.491870
-0.711149
0.717333
0.334561
-0.263986
-0.212672
-15.893690
-0.642572
-12.349466
-0.703376
-0.668881
0.760981
-0.108891
-0.579320
-0.789522
-1.280883
1.314092
0.533784
0.770972
-1.526056
-0.349331
