3
9
5
1
0.100000
0.250000
-0.001327
-0.997497
0.127171
-0.613392
0.617481
0.170019
-0.040254
-0.299417
0.791925
0.645680
0.493210
-0.651784
0.717887
0.421003
0.027070
-0.392010
-0.970031
-0.817194
-0.271096
-0.705374
-0.668203
0.977050
-0.108615
-0.761834
-0.990661
-0.982177
-0.244240
0.063326
0.142369
0.203528
0.214331
-0.667531
0.326090
-0.098422
-0.295755
-0.885922
0.215369
0.566637
0.605213
0.039766
-0.396100
0.751946
0.453352
0.911802
0.851436
0.078707
-0.715323
-0.075838
-0.529344
0.724479
-0.580798
0.559313
0.687307
0.993591
0.999390
0.222999
-0.215125
