6113
1
12
2
28
3
70
4
171
5
86
6
62
7
30
8
41
9
30
10
21
11
190
12
38
13
62
14
192
15
32
16
10
17
26
18
33
19
12
20
551
21
21
22
1
23
86
24
2
25
8
26
151
27
155
28
61
29
25
30
1
31
23
32
24
33
33
34
55
35
6
36
163
37
4
38
49
39
318
40
3
41
10
42
7
43
25
44
4
45
1
46
1
47
9
48
43
49
1
50
20
51
16
52
68
53
8
54
253
55
13
56
3
57
115
58
1
59
4
60
116
61
3
62
1
63
9
64
22
65
86
66
50
67
10
68
13
69
38
70
6
71
31
72
54
73
1
74
110
75
63
76
12
77
76
78
24
79
1
80
1
81
12
82
51
83
4
84
6
85
7
86
323
87
35
88
7
89
3
90
22
91
44
92
79
93
8
94
1
95
5
96
58
97
3
98
52
99
9
100
135
101
1
102
22
103
32
104
35
105
4
106
2
107
69
108
31
109
38
110
17
111
15
112
11
113
100
114
12
115
18
116
442
117
135
118
20
119
33
120
5
121
5
122
26
123
34
124
48
125
34
126
31
127
8
128
83
129
6
130
12
131
1
132
1
133
33
134
48
135
34
136
65
137
73
138
1
139
78
140
5
141
33
142
21
143
8
144
76
145
32
146
3
147
14
148
5
149
160
150
4
151
54
152
4
153
2
154
11
155
3
156
4
157
26
158
54
159
3
160
29
161
52
162
9
163
5
164
1
165
10
166
17
167
98
168
1
169
16
170
42
171
48
172
7
173
3
174
39
175
25
176
8
177
24
178
10
179
90
180
8
181
11
182
5
183
38
184
29
185
2
186
289
187
21
188
18
189
102
190
180
191
7
192
1
193
108
194
23
195
4
196
25
197
102
198
8
199
2
200
2
201
31
202
6
203
37
204
32
205
3
206
1
207
7
208
20
209
9
210
16
211
13
212
3
213
8
214
2
215
69
216
8
217
27
218
5
219
53
220
1
221
37
222
20
223
42
224
14
225
3
226
1
227
18
228
6
229
6
230
43
231
10
232
50
233
49
234
67
235
22
236
175
237
167
238
73
239
14
240
10
241
75
242
7
243
16
244
6
245
10
246
56
247
8
248
80
249
12
250
148
251
33
252
26
253
81
254
10
255
108
256
90
257
25
258
5
259
1
260
32
261
128
262
7
263
23
264
1
265
68
266
6
267
1
268
7
269
50
270
1
271
46
272
1
273
72
274
8
275
3
276
60
277
38
278
19
279
190
280
94
281
28
282
24
283
108
284
70
285
30
286
14
287
10
288
1
289
8
290
8
291
9
292
4
293
28
294
27
295
10
296
70
297
12
298
44
299
42
300
68
301
57
302
16
303
12
304
52
305
4
306
9
307
3
308
61
309
10
310
7
311
2
312
9
313
10
314
2
315
74
316
27
317
24
318
17
319
217
320
7
321
20
322
20
323
28
324
12
325
1
326
1
327
1
328
5
329
39
330
1
331
1
332
13
333
10
334
26
335
23
336
41
337
1
338
7
339
6
340
3
341
107
342
123
343
2
344
36
345
28
346
1
347
23
348
1
349
4
350
34
351
59
352
1
353
42
354
7
355
36
356
97
357
21
358
1
359
90
360
33
361
35
362
12
363
100
364
10
365
1
366
16
367
6
368
5
369
8
370
94
371
24
372
2
373
12
374
20
375
2
376
18
377
21
378
8
379
12
380
22
381
22
382
11
383
18
384
16
385
36
386
27
387
88
388
32
389
6
390
1
391
30
392
1
393
6
394
2
395
16
396
21
397
2
398
1
399
37
400
6
401
1
402
30
403
1
404
86
405
16
406
60
407
1
408
12
409
1
410
22
411
11
412
1
413
8
414
19
415
46
416
3
417
49
418
46
419
1
420
2
421
6
422
76
423
9
424
3
425
20
426
1
427
6
428
17
429
2
430
14
431
3
432
23
433
19
434
2
435
17
436
13
437
32
438
7
439
2
440
25
441
26
442
75
443
32
444
35
445
33
446
16
447
11
448
30
449
14
450
20
451
93
452
15
453
22
454
22
455
4
456
8
457
1
458
4
459
46
460
2
461
15
462
15
463
1
464
2
465
32
466
10
467
78
468
7
469
7
470
84
471
10
472
11
473
11
474
19
475
5
476
15
477
4
478
11
479
10
480
4
481
12
482
28
483
33
484
2
485
39
486
72
487
9
488
23
489
22
490
23
491
71
492
1
493
14
494
25
495
17
496
3
497
1
498
29
499
1
500
3
501
37
502
4
503
1
504
9
505
69
506
12
507
18
508
27
509
174
510
14
511
30
512
4
513
12
514
1
515
97
516
4
517
8
518
3
519
14
520
22
521
17
522
112
523
2
524
1
525
3
526
22
527
139
528
9
529
8
530
1
531
29
532
14
533
24
534
33
535
7
536
92
537
12
538
5
539
2
540
12
541
31
542
62
543
118
544
2
545
10
546
5
547
4
548
5
549
4
550
29
551
9
552
2
553
5
554
17
555
3
556
135
557
194
558
29
559
10
560
13
561
13
562
4
563
1
564
34
565
33
566
24
567
62
568
58
569
9
570
50
571
72
572
40
573
77
574
22
575
40
576
22
577
14
578
40
579
13
580
34
581
21
582
13
583
55
584
16
585
36
586
13
587
43
588
68
589
51
590
25
591
252
592
93
593
16
594
13
595
14
596
35
597
14
598
64
599
14
600
45
601
53
602
13
603
17
604
19
605
13
606
27
607
14
608
20
609
15
610
19
611
38
612
27
613
51
614
17
615
33
616
13
617
15
618
53
619
23
620
13
621
66
622
14
623
53
624
13
625
32
626
25
627
13
628
17
629
24
630
22
631
94
632
13
633
32
634
23
635
17
636
96
637
174
638
18
639
41
640
37
641
13
642
31
643
146
644
17
645
37
646
62
647
14
648
23
649
14
650
28
651
18
652
42
653
40
654
19
655
22
656
1
657
1
658
3
659
1
660
14
661
19
662
8
663
2
664
67
665
70
666
31
667
18
668
56
669
1
670
11
671
19
672
4
673
14
674
15
675
8
676
4
677
11
678
34
679
31
680
7
681
17
682
3
683
1
684
8
685
7
686
1
687
11
688
17
689
35
690
1
691
74
692
17
693
32
694
9
695
1
696
22
697
5
698
12
699
8
700
2
701
6
702
17
703
8
704
29
705
1
706
2
707
10
708
25
709
30
710
3
711
9
712
1
713
31
714
6
715
27
716
20
717
5
718
4
719
6
720
8
721
28
722
3
723
11
724
5
725
9
726
34
727
1
728
16
729
3
730
7
731
3
732
4
733
1
734
1
735
10
736
1
737
1
738
2
739
1
740
87
741
1
742
11
743
2
744
30
745
1
746
2
747
27
748
1
749
25
750
38
751
3
752
30
753
5
754
7
755
47
756
16
757
20
758
36
759
44
760
11
761
10
762
1
763
5
764
8
765
17
766
7
767
11
768
43
769
33
770
2
771
8
772
22
773
3
774
5
775
12
776
35
777
16
778
23
779
1
780
35
781
2
782
4
783
30
784
16
785
21
786
15
787
18
788
7
789
1
790
1
791
6
792
1
793
4
794
32
795
1
796
70
797
1
798
14
799
12
800
8
801
44
802
6
803
6
804
3
805
37
806
22
807
18
808
7
809
17
810
6
811
16
812
10
813
2
814
11
815
30
816
22
817
3
818
27
819
16
820
24
821
30
822
14
823
23
824
2
825
13
826
7
827
35
828
13
829
27
830
1
831
1048
832
22
833
11
834
19
835
4
836
40
837
12
838
2
839
34
840
3
841
2
842
2
843
1
844
7
845
5
846
6
847
10
848
1
849
8
850
3
851
1
852
6
853
3
854
3
855
3
856
3
857
31
858
33
859
4
860
1
861
8
862
1
863
3
864
7
865
3
866
1
867
4
868
5
869
4
870
8
871
1
872
12
873
24
874
58
875
1
876
6
877
9
878
17
879
14
880
1
881
1
882
1
883
1
884
4
885
1
886
3
887
10
888
1
889
27
890
1
891
9
892
3
893
4
894
11
895
70
896
10
897
1
898
1
899
17
900
2
901
1
902
4
903
7
904
4
905
22
906
4
907
7
908
1
909
18
910
96
911
45
912
13
913
1
914
9
915
14
916
2
917
38
918
1
919
7
920
9
921
10
922
1
923
1
924
13
925
5
926
3
927
2
928
3
929
23
930
1
931
2
932
5
933
30
934
1
935
6
936
11
937
5
938
4
939
9
940
14
941
1
942
3
943
3
944
1
945
36
946
2
947
1
948
10
949
1
950
2
951
1
952
1
953
6
954
1
955
25
956
3
957
9
958
13
959
14
960
8
961
10
962
8
963
13
964
43
965
8
966
4
967
1
968
2
969
13
970
4
971
3
972
8
973
6
974
5
975
1
976
4
977
8
978
1
979
9
980
4
981
32
982
8
983
1
984
6
985
1
986
2
987
10
988
7
989
21
990
4
991
5
992
1
993
7
994
44
995
21
996
6
997
5
998
17
999
13
1000
1
1001
10
1002
9
1003
25
1004
9
1005
38
1006
1
1007
2
1008
6
1009
2
1010
21
1011
1
1012
1
1013
7
1014
3
1015
3
1016
4
1017
7
1018
12
1019
11
1020
106
1021
2
1022
2
1023
1
1024
28
1025
20
1026
4
1027
20
1028
3
1029
31
1030
14
1031
45
1032
14
1033
12
1034
32
1035
20
1036
1
1037
1
1038
1
1039
1
1040
29
1041
1
1042
1
1043
1
1044
1
1045
1
1046
14
1047
2
1048
1
1049
8
1050
2
1051
1
1052
11
1053
18
1054
5
1055
5
1056
17
1057
3
1058
17
1059
7
1060
5
1061
2
1062
6
1063
15
1064
1
1065
4
1066
2
1067
1
1068
1
1069
24
1070
2
1071
2
1072
13
1073
1
1074
12
1075
9
1076
1
1077
2
1078
3
1079
43
1080
1
1081
3
1082
7
1083
14
1084
2
1085
18
1086
2
1087
3
1088
5
1089
6
1090
1
1091
26
1092
14
1093
1
1094
1
1095
15
1096
17
1097
5
1098
1
1099
8
1100
3
1101
1
1102
18
1103
11
1104
2
1105
28
1106
56
1107
6
1108
5
1109
21
1110
10
1111
115
1112
7
1113
45
1114
3
1115
2
1116
5
1117
2
1118
1
1119
1
1120
14
1121
12
1122
8
1123
2
1124
7
1125
19
1126
2
1127
2
1128
1
1129
24
1130
6
1131
1
1132
4
1133
5
1134
3
1135
1
1136
4
1137
7
1138
30
1139
43
1140
18
1141
1
1142
13
1143
28
1144
2
1145
6
1146
9
1147
16
1148
20
1149
1
1150
15
1151
2
1152
3
1153
19
1154
5
1155
2
1156
3
1157
5
1158
1
1159
38
1160
5
1161
4
1162
7
1163
27
1164
39
1165
9
1166
5
1167
1
1168
30
1169
22
1170
16
1171
26
1172
10
1173
1
1174
4
1175
9
1176
12
1177
23
1178
2
1179
4
1180
33
1181
4
1182
10
1183
2
1184
18
1185
10
1186
15
1187
12
1188
2
1189
12
1190
24
1191
3
1192
14
1193
23
1194
1
1195
22
1196
1
1197
1
1198
3
1199
1
1200
3
1201
2
1202
6
1203
12
1204
3
1205
33
1206
6
1207
22
1208
5
1209
1
1210
3
1211
7
1212
1
1213
1
1214
1
1215
13
1216
2
1217
1
1218
1
1219
24
1220
31
1221
1
1222
57
1223
4
1224
9
1225
13
1226
11
1227
10
1228
14
1229
26
1230
7
1231
4
1232
5
1233
18
1234
12
1235
4
1236
41
1237
10
1238
39
1239
10
1240
4
1241
10
1242
7
1243
7
1244
10
1245
11
1246
3
1247
7
1248
2
1249
8
1250
21
1251
12
1252
15
1253
7
1254
3
1255
2
1256
5
1257
16
1258
21
1259
5
1260
2
1261
2
1262
19
1263
4
1264
4
1265
6
1266
4
1267
10
1268
20
1269
8
1270
8
1271
16
1272
10
1273
14
1274
2
1275
15
1276
14
1277
45
1278
24
1279
4
1280
15
1281
10
1282
9
1283
10
1284
25
1285
22
1286
5
1287
1
1288
7
1289
1
1290
1
1291
7
1292
8
1293
4
1294
15
1295
2
1296
1
1297
3
1298
1
1299
5
1300
1
1301
9
1302
20
1303
16
1304
1
1305
14
1306
19
1307
8
1308
8
1309
6
1310
3
1311
2
1312
17
1313
1
1314
1
1315
12
1316
1
1317
1
1318
12
1319
1
1320
4
1321
1
1322
2
1323
27
1324
4
1325
47
1326
3
1327
8
1328
1
1329
31
1330
7
1331
22
1332
2
1333
1
1334
4
1335
2
1336
1
1337
1
1338
1
1339
3
1340
8
1341
23
1342
1
1343
1
1344
6
1345
4
1346
4
1347
4
1348
2
1349
4
1350
1
1351
10
1352
1
1353
5
1354
8
1355
20
1356
1
1357
1
1358
1
1359
1
1360
6
1361
1
1362
1
1363
18
1364
8
1365
15
1366
6
1367
2
1368
3
1369
2
1370
7
1371
10
1372
1
1373
1
1374
1
1375
2
1376
21
1377
26
1378
4
1379
16
1380
6
1381
7
1382
5
1383
2
1384
1
1385
2
1386
10
1387
22
1388
10
1389
3
1390
3
1391
14
1392
4
1393
9
1394
4
1395
1
1396
1
1397
1
1398
1
1399
1
1400
1
1401
6
1402
4
1403
6
1404
4
1405
16
1406
2
1407
1
1408
9
1409
1
1410
9
1411
7
1412
4
1413
1
1414
1
1415
3
1416
3
1417
2
1418
5
1419
1
1420
1
1421
1
1422
16
1423
1
1424
35
1425
3
1426
3
1427
3
1428
11
1429
2
1430
15
1431
2
1432
2
1433
1
1434
5
1435
1
1436
1
1437
7
1438
3
1439
2
1440
2
1441
11
1442
1
1443
2
1444
1
1445
8
1446
26
1447
2
1448
1
1449
18
1450
5
1451
2
1452
11
1453
1
1454
1
1455
5
1456
38
1457
7
1458
1
1459
6
1460
2
1461
1
1462
1
1463
2
1464
41
1465
1
1466
1
1467
5
1468
21
1469
1
1470
1
1471
1
1472
6
1473
1
1474
30
1475
3
1476
10
1477
13
1478
3
1479
8
1480
5
1481
4
1482
3
1483
66
1484
11
1485
4
1486
3
1487
9
1488
15
1489
2
1490
5
1491
13
1492
6
1493
10
1494
26
1495
18
1496
11
1497
6
1498
6
1499
1
1500
18
1501
34
1502
2
1503
5
1504
6
1505
3
1506
9
1507
4
1508
6
1509
13
1510
29
1511
10
1512
2
1513
2
1514
2
1515
1
1516
10
1517
10
1518
25
1519
1
1520
3
1521
1
1522
9
1523
3
1524
21
1525
2
1526
3
1527
7
1528
2
1529
1
1530
2
1531
5
1532
1
1533
1
1534
26
1535
8
1536
7
1537
6
1538
2
1539
1
1540
5
1541
1
1542
9
1543
1
1544
4
1545
1
1546
2
1547
4
1548
1
1549
8
1550
5
1551
8
1552
7
1553
15
1554
17
1555
2
1556
2
1557
9
1558
4
1559
6
1560
1
1561
6
1562
2
1563
16
1564
9
1565
26
1566
17
1567
40
1568
2
1569
1
1570
1
1571
20
1572
1
1573
8
1574
14
1575
3
1576
29
1577
3
1578
2
1579
57
1580
1
1581
3
1582
15
1583
11
1584
10
1585
8
1586
1
1587
3
1588
1
1589
9
1590
1
1591
4
1592
8
1593
1
1594
5
1595
10
1596
4
1597
7
1598
17
1599
3
1600
3
1601
1
1602
13
1603
5
1604
13
1605
6
1606
1
1607
3
1608
18
1609
3
1610
2
1611
1
1612
11
1613
4
1614
3
1615
13
1616
2
1617
4
1618
1
1619
2
1620
3
1621
1
1622
9
1623
10
1624
4
1625
8
1626
1
1627
25
1628
1
1629
3
1630
7
1631
4
1632
2
1633
7
1634
2
1635
2
1636
24
1637
20
1638
27
1639
23
1640
3
1641
8
1642
29
1643
6
1644
12
1645
2
1646
14
1647
4
1648
22
1649
8
1650
1
1651
8
1652
3
1653
9
1654
5
1655
1
1656
3
1657
9
1658
3
1659
6
1660
3
1661
4
1662
6
1663
2
1664
13
1665
21
1666
17
1667
2
1668
4
1669
5
1670
2
1671
2
1672
50
1673
21
1674
2
1675
2
1676
168
1677
5
1678
5
1679
5
1680
17
1681
5
1682
5
1683
10
1684
1
1685
14
1686
4
1687
3
1688
6
1689
2
1690
2
1691
1
1692
7
1693
27
1694
1
1695
1
1696
2
1697
11
1698
3
1699
2
1700
1
1701
2
1702
2
1703
2
1704
1
1705
2
1706
1
1707
7
1708
10
1709
3
1710
3
1711
3
1712
3
1713
1
1714
3
1715
1
1716
2
1717
5
1718
15
1719
1
1720
2
1721
8
1722
19
1723
4
1724
11
1725
3
1726
3
1727
11
1728
1
1729
22
1730
1
1731
12
1732
3
1733
1
1734
4
1735
1
1736
20
1737
5
1738
1
1739
6
1740
9
1741
2
1742
12
1743
28
1744
5
1745
11
1746
1
1747
3
1748
9
1749
1
1750
1
1751
2
1752
5
1753
3
1754
4
1755
8
1756
10
1757
55
1758
15
1759
8
1760
1
1761
3
1762
1
1763
9
1764
1
1765
2
1766
19
1767
1
1768
3
1769
2
1770
1
1771
2
1772
1
1773
4
1774
11
1775
2
1776
4
1777
2
1778
15
1779
7
1780
1
1781
1
1782
16
1783
2
1784
3
1785
13
1786
8
1787
3
1788
5
1789
1
1790
5
1791
2
1792
1
1793
3
1794
1
1795
2
1796
1
1797
9
1798
1
1799
4
1800
7
1801
3
1802
1
1803
1
1804
5
1805
32
1806
2
1807
3
1808
1
1809
1
1810
1
1811
7
1812
1
1813
19
1814
1
1815
1
1816
1
1817
22
1818
1
1819
4
1820
2
1821
1
1822
1
1823
1
1824
2
1825
14
1826
1
1827
1
1828
11
1829
3
1830
3
1831
4
1832
3
1833
4
1834
3
1835
1
1836
1
1837
3
1838
6
1839
4
1840
2
1841
4
1842
15
1843
2
1844
8
1845
5
1846
1
1847
2
1848
1
1849
1
1850
6
1851
2
1852
13
1853
2
1854
11
1855
6
1856
7
1857
3
1858
5
1859
2
1860
5
1861
9
1862
2
1863
8
1864
2
1865
2
1866
2
1867
25
1868
3
1869
1
1870
9
1871
9
1872
2
1873
1
1874
1
1875
2
1876
2
1877
15
1878
18
1879
1
1880
2
1881
1
1882
1
1883
1
1884
1
1885
1
1886
1
1887
1
1888
1
1889
1
1890
2
1891
9
1892
1
1893
1
1894
6
1895
1
1896
3
1897
2
1898
6
1899
12
1900
1
1901
1
1902
29
1903
8
1904
12
1905
4
1906
4
1907
7
1908
6
1909
5
1910
4
1911
1
1912
12
1913
6
1914
6
1915
6
1916
1
1917
16
1918
2
1919
8
1920
9
1921
6
1922
2
1923
3
1924
1
1925
7
1926
12
1927
5
1928
3
1929
5
1930
20
1931
2
1932
3
1933
1
1934
2
1935
32
1936
5
1937
1
1938
8
1939
5
1940
1
1941
1
1942
1
1943
1
1944
4
1945
1
1946
10
1947
1
1948
1
1949
1
1950
1
1951
3
1952
8
1953
8
1954
6
1955
1
1956
1
1957
11
1958
2
1959
1
1960
9
1961
1
1962
6
1963
2
1964
2
1965
6
1966
1
1967
1
1968
5
1969
1
1970
2
1971
23
1972
6
1973
3
1974
1
1975
2
1976
1
1977
17
1978
1
1979
1
1980
4
1981
31
1982
5
1983
8
1984
6
1985
39
1986
1
1987
6
1988
4
1989
3
1990
1
1991
1
1992
8
1993
1
1994
11
1995
1
1996
5
1997
15
1998
11
1999
11
2000
1
2001
1
2002
11
2003
13
2004
6
2005
1
2006
8
2007
1
2008
4
2009
1
2010
1
2011
1
2012
3
2013
14
2014
7
2015
1
2016
6
2017
2
2018
14
2019
15
2020
2
2021
4
2022
2
2023
2
2024
12
2025
3
2026
7
2027
2
2028
1
2029
1
2030
1
2031
19
2032
4
2033
3
2034
1
2035
3
2036
1
2037
3
2038
3
2039
2
2040
2
2041
1
2042
1
2043
1
2044
4
2045
1
2046
6
2047
5
2048
5
2049
14
2050
3
2051
3
2052
5
2053
5
2054
4
2055
2
2056
2
2057
1
2058
10
2059
2
2060
1
2061
1
2062
1
2063
2
2064
2
2065
3
2066
6
2067
1
2068
1
2069
1
2070
2
2071
2
2072
3
2073
1
2074
1
2075
7
2076
7
2077
3
2078
6
2079
2
2080
1
2081
12
2082
4
2083
1
2084
1
2085
1
2086
1
2087
1
2088
1
2089
3
2090
4
2091
3
2092
4
2093
8
2094
1
2095
12
2096
1
2097
6
2098
9
2099
1
2100
1
2101
10
2102
1
2103
1
2104
9
2105
1
2106
1
2107
1
2108
1
2109
2
2110
3
2111
1
2112
11
2113
2
2114
20
2115
1
2116
1
2117
1
2118
1
2119
2
2120
1
2121
6
2122
3
2123
5
2124
15
2125
2
2126
4
2127
5
2128
2
2129
1
2130
1
2131
1
2132
5
2133
1
2134
8
2135
7
2136
5
2137
2
2138
1
2139
19
2140
7
2141
1
2142
3
2143
2
2144
1
2145
13
2146
5
2147
3
2148
2
2149
2
2150
9
2151
2
2152
5
2153
3
2154
2
2155
15
2156
3
2157
4
2158
3
2159
3
2160
5
2161
3
2162
2
2163
1
2164
6
2165
9
2166
4
2167
11
2168
7
2169
8
2170
2
2171
5
2172
8
2173
11
2174
4
2175
7
2176
4
2177
1
2178
3
2179
1
2180
8
2181
2
2182
4
2183
1
2184
1
2185
4
2186
4
2187
3
2188
3
2189
4
2190
1
2191
2
2192
2
2193
1
2194
5
2195
2
2196
13
2197
1
2198
1
2199
2
2200
1
2201
3
2202
1
2203
1
2204
7
2205
3
2206
4
2207
2
2208
5
2209
7
2210
2
2211
2
2212
3
2213
1
2214
4
2215
1
2216
3
2217
58
2218
1
2219
8
2220
17
2221
1
2222
1
2223
1
2224
3
2225
10
2226
37
2227
4
2228
1
2229
1
2230
1
2231
1
2232
4
2233
4
2234
6
2235
15
2236
2
2237
5
2238
1
2239
1
2240
1
2241
1
2242
1
2243
9
2244
1
2245
16
2246
10
2247
13
2248
2
2249
10
2250
4
2251
1
2252
12
2253
4
2254
4
2255
13
2256
1
2257
3
2258
15
2259
1
2260
1
2261
1
2262
2
2263
12
2264
1
2265
3
2266
7
2267
1
2268
6
2269
1
2270
1
2271
5
2272
11
2273
5
2274
4
2275
1
2276
9
2277
10
2278
18
2279
19
2280
1
2281
3
2282
2
2283
7
2284
1
2285
1
2286
2
2287
4
2288
1
2289
1
2290
3
2291
3
2292
1
2293
2
2294
1
2295
3
2296
1
2297
1
2298
1
2299
36
2300
1
2301
1
2302
10
2303
1
2304
1
2305
1
2306
5
2307
1
2308
1
2309
1
2310
3
2311
6
2312
2
2313
3
2314
1
2315
1
2316
2
2317
1
2318
5
2319
2
2320
2
2321
2
2322
2
2323
6
2324
6
2325
2
2326
1
2327
2
2328
1
2329
1
2330
5
2331
2
2332
9
2333
5
2334
1
2335
1
2336
1
2337
9
2338
1
2339
1
2340
5
2341
1
2342
7
2343
3
2344
1
2345
13
2346
1
2347
3
2348
2
2349
2
2350
2
2351
2
2352
2
2353
2
2354
25
2355
3
2356
1
2357
6
2358
1
2359
3
2360
5
2361
3
2362
7
2363
18
2364
2
2365
1
2366
1
2367
4
2368
1
2369
6
2370
1
2371
1
2372
3
2373
4
2374
2
2375
7
2376
4
2377
16
2378
4
2379
4
2380
28
2381
14
2382
1
2383
3
2384
6
2385
2
2386
2
2387
9
2388
7
2389
7
2390
1
2391
1
2392
3
2393
3
2394
2
2395
2
2396
1
2397
5
2398
3
2399
11
2400
1
2401
6
2402
1
2403
3
2404
2
2405
1
2406
1
2407
7
2408
8
2409
2
2410
11
2411
7
2412
8
2413
8
2414
2
2415
11
2416
1
2417
4
2418
3
2419
1
2420
1
2421
1
2422
1
2423
19
2424
1
2425
1
2426
5
2427
1
2428
10
2429
1
2430
1
2431
2
2432
3
2433
2
2434
9
2435
1
2436
2
2437
5
2438
1
2439
1
2440
1
2441
4
2442
6
2443
10
2444
1
2445
5
2446
3
2447
7
2448
1
2449
9
2450
18
2451
1
2452
9
2453
1
2454
1
2455
2
2456
4
2457
11
2458
1
2459
1
2460
1
2461
4
2462
3
2463
2
2464
2
2465
1
2466
3
2467
1
2468
6
2469
5
2470
1
2471
3
2472
5
2473
1
2474
10
2475
7
2476
1
2477
1
2478
5
2479
1
2480
2
2481
1
2482
7
2483
1
2484
1
2485
1
2486
3
2487
5
2488
14
2489
1
2490
1
2491
1
2492
6
2493
4
2494
1
2495
1
2496
2
2497
2
2498
2
2499
21
2500
8
2501
10
2502
6
2503
2
2504
1
2505
1
2506
9
2507
2
2508
3
2509
4
2510
1
2511
1
2512
19
2513
16
2514
28
2515
3
2516
1
2517
6
2518
1
2519
1
2520
1
2521
2
2522
2
2523
1
2524
11
2525
8
2526
8
2527
1
2528
13
2529
2
2530
3
2531
1
2532
6
2533
1
2534
5
2535
1
2536
2
2537
1
2538
2
2539
2
2540
1
2541
2
2542
3
2543
1
2544
5
2545
5
2546
7
2547
4
2548
2
2549
5
2550
16
2551
2
2552
1
2553
2
2554
16
2555
7
2556
1
2557
6
2558
9
2559
9
2560
11
2561
1
2562
1
2563
5
2564
2
2565
1
2566
7
2567
2
2568
5
2569
8
2570
5
2571
1
2572
1
2573
1
2574
7
2575
4
2576
6
2577
6
2578
2
2579
1
2580
1
2581
11
2582
1
2583
3
2584
9
2585
3
2586
1
2587
7
2588
2
2589
1
2590
1
2591
1
2592
1
2593
2
2594
5
2595
1
2596
1
2597
10
2598
2
2599
1
2600
14
2601
5
2602
2
2603
1
2604
4
2605
3
2606
1
2607
2
2608
1
2609
2
2610
2
2611
1
2612
6
2613
1
2614
2
2615
1
2616
3
2617
2
2618
13
2619
1
2620
4
2621
4
2622
1
2623
1
2624
3
2625
5
2626
1
2627
1
2628
3
2629
8
2630
2
2631
2
2632
4
2633
1
2634
1
2635
7
2636
1
2637
3
2638
1
2639
1
2640
1
2641
1
2642
1
2643
1
2644
2
2645
5
2646
6
2647
2
2648
1
2649
1
2650
1
2651
3
2652
1
2653
19
2654
1
2655
1
2656
3
2657
1
2658
12
2659
1
2660
2
2661
3
2662
10
2663
3
2664
3
2665
9
2666
1
2667
5
2668
3
2669
2
2670
18
2671
7
2672
2
2673
2
2674
1
2675
1
2676
33
2677
1
2678
1
2679
1
2680
6
2681
4
2682
1
2683
4
2684
2
2685
2
2686
1
2687
1
2688
1
2689
2
2690
1
2691
1
2692
2
2693
1
2694
2
2695
1
2696
1
2697
4
2698
2
2699
6
2700
8
2701
1
2702
1
2703
1
2704
1
2705
1
2706
1
2707
11
2708
1
2709
3
2710
1
2711
2
2712
2
2713
3
2714
1
2715
1
2716
15
2717
1
2718
1
2719
1
2720
1
2721
3
2722
2
2723
1
2724
3
2725
1
2726
1
2727
1
2728
4
2729
1
2730
1
2731
1
2732
2
2733
1
2734
1
2735
1
2736
2
2737
1
2738
2
2739
4
2740
1
2741
1
2742
3
2743
4
2744
2
2745
1
2746
1
2747
8
2748
8
2749
2
2750
1
2751
3
2752
1
2753
6
2754
11
2755
1
2756
1
2757
1
2758
5
2759
1
2760
8
2761
1
2762
4
2763
2
2764
7
2765
6
2766
1
2767
4
2768
4
2769
1
2770
1
2771
1
2772
12
2773
7
2774
1
2775
1
2776
1
2777
1
2778
1
2779
3
2780
4
2781
3
2782
1
2783
3
2784
1
2785
12
2786
10
2787
2
2788
1
2789
11
2790
11
2791
2
2792
1
2793
2
2794
1
2795
1
2796
13
2797
16
2798
18
2799
1
2800
2
2801
3
2802
7
2803
1
2804
1
2805
1
2806
2
2807
1
2808
2
2809
1
2810
8
2811
4
2812
11
2813
25
2814
2
2815
4
2816
2
2817
2
2818
8
2819
4
2820
2
2821
2
2822
13
2823
2
2824
4
2825
2
2826
2
2827
2
2828
2
2829
2
2830
4
2831
2
2832
3
2833
5
2834
6
2835
4
2836
2
2837
2
2838
3
2839
4
2840
7
2841
2
2842
2
2843
2
2844
3
2845
2
2846
2
2847
2
2848
24
2849
1
2850
1
2851
1
2852
1
2853
1
2854
1
2855
1
2856
1
2857
1
2858
1
2859
1
2860
14
2861
1
2862
1
2863
20
2864
4
2865
2
2866
1
2867
1
2868
5
2869
1
2870
1
2871
8
2872
9
2873
1
2874
3
2875
4
2876
1
2877
2
2878
5
2879
2
2880
1
2881
2
2882
4
2883
11
2884
10
2885
11
2886
2
2887
1
2888
1
2889
3
2890
13
2891
3
2892
6
2893
8
2894
7
2895
3
2896
1
2897
4
2898
1
2899
1
2900
1
2901
1
2902
2
2903
5
2904
1
2905
10
2906
7
2907
10
2908
5
2909
6
2910
2
2911
6
2912
1
2913
1
2914
1
2915
1
2916
1
2917
1
2918
1
2919
3
2920
2
2921
8
2922
4
2923
2
2924
2
2925
2
2926
3
2927
2
2928
2
2929
2
2930
1
2931
1
2932
1
2933
1
2934
7
2935
1
2936
7
2937
1
2938
6
2939
2
2940
1
2941
2
2942
1
2943
1
2944
10
2945
1
2946
3
2947
1
2948
2
2949
1
2950
2
2951
2
2952
9
2953
2
2954
2
2955
2
2956
1
2957
1
2958
1
2959
4
2960
1
2961
1
2962
1
2963
1
2964
4
2965
3
2966
6
2967
3
2968
3
2969
1
2970
1
2971
1
2972
1
2973
12
2974
9
2975
1
2976
2
2977
1
2978
1
2979
7
2980
1
2981
1
2982
1
2983
1
2984
1
2985
1
2986
1
2987
4
2988
1
2989
1
2990
2
2991
3
2992
3
2993
3
2994
1
2995
1
2996
6
2997
1
2998
4
2999
1
3000
1
3001
1
3002
1
3003
2
3004
1
3005
1
3006
1
3007
4
3008
10
3009
5
3010
1
3011
9
3012
1
3013
1
3014
1
3015
1
3016
2
3017
2
3018
1
3019
2
3020
2
3021
1
3022
3
3023
1
3024
1
3025
1
3026
2
3027
1
3028
2
3029
2
3030
2
3031
1
3032
1
3033
1
3034
1
3035
4
3036
1
3037
1
3038
1
3039
10
3040
2
3041
2
3042
1
3043
4
3044
1
3045
4
3046
1
3047
4
3048
2
3049
1
3050
2
3051
3
3052
2
3053
7
3054
1
3055
1
3056
7
3057
2
3058
1
3059
1
3060
1
3061
1
3062
1
3063
1
3064
1
3065
1
3066
1
3067
6
3068
9
3069
6
3070
4
3071
6
3072
2
3073
2
3074
2
3075
2
3076
1
3077
1
3078
1
3079
1
3080
2
3081
1
3082
12
3083
1
3084
1
3085
1
3086
1
3087
1
3088
7
3089
1
3090
1
3091
1
3092
1
3093
1
3094
1
3095
1
3096
1
3097
1
3098
2
3099
5
3100
2
3101
1
3102
1
3103
2
3104
1
3105
14
3106
9
3107
1
3108
9
3109
3
3110
2
3111
1
3112
3
3113
1
3114
5
3115
1
3116
1
3117
1
3118
2
3119
9
3120
1
3121
1
3122
1
3123
1
3124
1
3125
1
3126
2
3127
1
3128
1
3129
2
3130
1
3131
1
3132
1
3133
2
3134
1
3135
7
3136
2
3137
5
3138
2
3139
1
3140
3
3141
1
3142
2
3143
3
3144
1
3145
1
3146
2
3147
1
3148
1
3149
2
3150
2
3151
1
3152
1
3153
1
3154
1
3155
6
3156
2
3157
1
3158
1
3159
1
3160
2
3161
1
3162
1
3163
1
3164
2
3165
1
3166
2
3167
2
3168
7
3169
180
3170
1
3171
1
3172
1
3173
1
3174
9
3175
1
3176
2
3177
2
3178
2
3179
2
3180
1
3181
1
3182
1
3183
1
3184
1
3185
1
3186
1
3187
1
3188
1
3189
1
3190
2
3191
1
3192
6
3193
2
3194
1
3195
3
3196
3
3197
3
3198
1
3199
1
3200
3
3201
1
3202
1
3203
1
3204
5
3205
1
3206
1
3207
6
3208
2
3209
1
3210
6
3211
1
3212
1
3213
1
3214
1
3215
1
3216
1
3217
1
3218
6
3219
25
3220
2
3221
2
3222
4
3223
1
3224
7
3225
2
3226
1
3227
1
3228
1
3229
1
3230
2
3231
1
3232
1
3233
1
3234
2
3235
1
3236
1
3237
2
3238
1
3239
8
3240
1
3241
6
3242
1
3243
2
3244
1
3245
1
3246
1
3247
1
3248
3
3249
1
3250
1
3251
12
3252
6
3253
2
3254
1
3255
2
3256
9
3257
1
3258
1
3259
2
3260
1
3261
1
3262
1
3263
1
3264
1
3265
1
3266
5
3267
1
3268
6
3269
1
3270
1
3271
3
3272
2
3273
1
3274
2
3275
1
3276
1
3277
2
3278
1
3279
1
3280
1
3281
3
3282
1
3283
5
3284
2
3285
1
3286
33
3287
1
3288
5
3289
1
3290
4
3291
14
3292
3
3293
1
3294
17
3295
11
3296
1
3297
1
3298
1
3299
1
3300
5
3301
2
3302
1
3303
1
3304
2
3305
1
3306
1
3307
2
3308
1
3309
2
3310
2
3311
3
3312
1
3313
1
3314
1
3315
1
3316
2
3317
2
3318
2
3319
1
3320
2
3321
1
3322
3
3323
6
3324
1
3325
1
3326
3
3327
2
3328
1
3329
1
3330
1
3331
1
3332
1
3333
9
3334
4
3335
1
3336
1
3337
1
3338
8
3339
1
3340
7
3341
1
3342
1
3343
1
3344
1
3345
1
3346
9
3347
2
3348
6
3349
6
3350
1
3351
61
3352
6
3353
1
3354
1
3355
1
3356
2
3357
1
3358
2
3359
1
3360
4
3361
4
3362
11
3363
4
3364
1
3365
1
3366
4
3367
1
3368
1
3369
1
3370
6
3371
12
3372
2
3373
1
3374
3
3375
2
3376
10
3377
2
3378
3
3379
1
3380
1
3381
3
3382
2
3383
1
3384
4
3385
1
3386
2
3387
1
3388
1
3389
1
3390
5
3391
1
3392
5
3393
1
3394
1
3395
38
3396
1
3397
2
3398
2
3399
1
3400
5
3401
1
3402
3
3403
1
3404
7
3405
12
3406
4
3407
1
3408
15
3409
3
3410
1
3411
4
3412
1
3413
1
3414
1
3415
1
3416
8
3417
5
3418
1
3419
1
3420
2
3421
1
3422
7
3423
2
3424
1
3425
3
3426
1
3427
1
3428
1
3429
1
3430
1
3431
2
3432
5
3433
2
3434
3
3435
8
3436
1
3437
5
3438
3
3439
2
3440
2
3441
1
3442
1
3443
1
3444
1
3445
1
3446
1
3447
5
3448
1
3449
1
3450
2
3451
2
3452
1
3453
1
3454
2
3455
1
3456
1
3457
1
3458
1
3459
1
3460
1
3461
1
3462
1
3463
1
3464
1
3465
4
3466
2
3467
1
3468
1
3469
1
3470
1
3471
4
3472
1
3473
1
3474
1
3475
1
3476
1
3477
1
3478
1
3479
1
3480
1
3481
1
3482
1
3483
1
3484
1
3485
1
3486
1
3487
1
3488
1
3489
1
3490
1
3491
1
3492
1
3493
1
3494
1
3495
1
3496
1
3497
1
3498
1
3499
1
3500
1
3501
1
3502
1
3503
1
3504
1
3505
1
3506
1
3507
1
3508
2
3509
2
3510
1
3511
3
3512
4
3513
1
3514
1
3515
1
3516
1
3517
2
3518
2
3519
1
3520
1
3521
3
3522
2
3523
1
3524
4
3525
3
3526
2
3527
2
3528
1
3529
5
3530
1
3531
1
3532
3
3533
1
3534
1
3535
23
3536
6
3537
1
3538
1
3539
6
3540
1
3541
1
3542
3
3543
8
3544
1
3545
3
3546
2
3547
1
3548
1
3549
2
3550
17
3551
1
3552
3
3553
1
3554
5
3555
2
3556
6
3557
2
3558
1
3559
9
3560
1
3561
1
3562
2
3563
1
3564
1
3565
1
3566
15
3567
1
3568
1
3569
2
3570
3
3571
1
3572
1
3573
2
3574
15
3575
1
3576
3
3577
1
3578
10
3579
1
3580
1
3581
1
3582
1
3583
11
3584
1
3585
13
3586
6
3587
2
3588
1
3589
1
3590
1
3591
4
3592
2
3593
1
3594
2
3595
5
3596
1
3597
1
3598
1
3599
3
3600
3
3601
2
3602
1
3603
1
3604
12
3605
5
3606
17
3607
3
3608
1
3609
2
3610
2
3611
1
3612
2
3613
2
3614
8
3615
7
3616
3
3617
4
3618
1
3619
1
3620
1
3621
3
3622
1
3623
13
3624
19
3625
9
3626
4
3627
1
3628
2
3629
2
3630
4
3631
3
3632
3
3633
1
3634
1
3635
1
3636
1
3637
4
3638
1
3639
7
3640
1
3641
1
3642
4
3643
1
3644
1
3645
2
3646
1
3647
2
3648
1
3649
2
3650
1
3651
5
3652
7
3653
2
3654
6
3655
1
3656
2
3657
2
3658
1
3659
2
3660
1
3661
1
3662
3
3663
1
3664
22
3665
2
3666
1
3667
1
3668
1
3669
1
3670
1
3671
1
3672
7
3673
1
3674
1
3675
1
3676
1
3677
2
3678
1
3679
2
3680
1
3681
1
3682
7
3683
4
3684
1
3685
5
3686
2
3687
5
3688
3
3689
8
3690
2
3691
1
3692
1
3693
45
3694
1
3695
1
3696
3
3697
1
3698
3
3699
1
3700
1
3701
1
3702
7
3703
1
3704
2
3705
1
3706
1
3707
1
3708
1
3709
1
3710
16
3711
1
3712
4
3713
1
3714
1
3715
1
3716
1
3717
1
3718
1
3719
1
3720
1
3721
1
3722
1
3723
1
3724
3
3725
5
3726
2
3727
1
3728
1
3729
10
3730
1
3731
1
3732
3
3733
2
3734
13
3735
1
3736
1
3737
3
3738
2
3739
9
3740
1
3741
1
3742
1
3743
1
3744
2
3745
4
3746
1
3747
2
3748
11
3749
1
3750
1
3751
1
3752
6
3753
1
3754
1
3755
1
3756
1
3757
10
3758
6
3759
1
3760
2
3761
1
3762
2
3763
85
3764
2
3765
1
3766
8
3767
2
3768
1
3769
1
3770
7
3771
2
3772
3
3773
6
3774
4
3775
2
3776
1
3777
1
3778
1
3779
1
3780
1
3781
2
3782
1
3783
4
3784
2
3785
1
3786
1
3787
1
3788
2
3789
9
3790
1
3791
15
3792
1
3793
1
3794
1
3795
1
3796
1
3797
1
3798
1
3799
1
3800
2
3801
2
3802
3
3803
1
3804
2
3805
1
3806
1
3807
1
3808
1
3809
1
3810
1
3811
1
3812
1
3813
1
3814
8
3815
2
3816
3
3817
2
3818
3
3819
1
3820
1
3821
1
3822
2
3823
2
3824
1
3825
1
3826
1
3827
1
3828
1
3829
7
3830
1
3831
1
3832
1
3833
4
3834
4
3835
1
3836
1
3837
2
3838
2
3839
1
3840
1
3841
1
3842
1
3843
6
3844
1
3845
1
3846
1
3847
4
3848
4
3849
9
3850
1
3851
2
3852
1
3853
3
3854
1
3855
1
3856
1
3857
1
3858
1
3859
2
3860
1
3861
1
3862
7
3863
1
3864
28
3865
2
3866
1
3867
1
3868
1
3869
8
3870
1
3871
1
3872
11
3873
3
3874
8
3875
1
3876
1
3877
1
3878
1
3879
1
3880
1
3881
1
3882
1
3883
1
3884
2
3885
1
3886
1
3887
1
3888
7
3889
1
3890
1
3891
1
3892
2
3893
1
3894
19
3895
2
3896
1
3897
4
3898
1
3899
1
3900
1
3901
1
3902
5
3903
1
3904
1
3905
2
3906
1
3907
1
3908
3
3909
1
3910
1
3911
2
3912
1
3913
3
3914
12
3915
3
3916
1
3917
2
3918
1
3919
1
3920
1
3921
1
3922
1
3923
1
3924
1
3925
15
3926
1
3927
1
3928
2
3929
2
3930
2
3931
2
3932
3
3933
1
3934
1
3935
4
3936
10
3937
4
3938
1
3939
1
3940
1
3941
1
3942
1
3943
1
3944
1
3945
6
3946
4
3947
4
3948
4
3949
4
3950
10
3951
1
3952
1
3953
9
3954
1
3955
1
3956
1
3957
1
3958
1
3959
1
3960
1
3961
1
3962
2
3963
1
3964
1
3965
1
3966
2
3967
1
3968
1
3969
1
3970
4
3971
2
3972
3
3973
2
3974
3
3975
1
3976
2
3977
1
3978
4
3979
1
3980
3
3981
3
3982
3
3983
2
3984
2
3985
1
3986
1
3987
1
3988
1
3989
12
3990
5
3991
1
3992
4
3993
1
3994
6
3995
1
3996
1
3997
1
3998
1
3999
1
4000
4
4001
3
4002
1
4003
2
4004
4
4005
5
4006
1
4007
1
4008
2
4009
1
4010
1
4011
1
4012
1
4013
1
4014
1
4015
1
4016
1
4017
10
4018
1
4019
1
4020
1
4021
10
4022
1
4023
2
4024
1
4025
3
4026
1
4027
1
4028
1
4029
1
4030
1
4031
1
4032
1
4033
1
4034
1
4035
1
4036
1
4037
1
4038
3
4039
1
4040
5
4041
1
4042
1
4043
4
4044
1
4045
1
4046
1
4047
1
4048
1
4049
1
4050
1
4051
1
4052
1
4053
7
4054
1
4055
1
4056
8
4057
1
4058
1
4059
1
4060
1
4061
9
4062
1
4063
1
4064
5
4065
1
4066
1
4067
1
4068
2
4069
1
4070
1
4071
6
4072
6
4073
21
4074
11
4075
11
4076
2
4077
1
4078
4
4079
3
4080
6
4081
8
4082
2
4083
1
4084
1
4085
4
4086
1
4087
5
4088
1
4089
1
4090
4
4091
2
4092
2
4093
1
4094
4
4095
2
4096
9
4097
1
4098
1
4099
1
4100
2
4101
2
4102
2
4103
1
4104
1
4105
1
4106
1
4107
3
4108
4
4109
1
4110
1
4111
2
4112
1
4113
1
4114
1
4115
2
4116
1
4117
2
4118
3
4119
8
4120
1
4121
3
4122
4
4123
1
4124
1
4125
1
4126
3
4127
12
4128
5
4129
1
4130
2
4131
1
4132
1
4133
1
4134
1
4135
1
4136
1
4137
1
4138
2
4139
4
4140
2
4141
3
4142
2
4143
1
4144
1
4145
1
4146
4
4147
1
4148
1
4149
3
4150
2
4151
2
4152
2
4153
1
4154
1
4155
1
4156
6
4157
1
4158
3
4159
2
4160
2
4161
1
4162
1
4163
2
4164
1
4165
2
4166
1
4167
1
4168
1
4169
1
4170
1
4171
3
4172
1
4173
1
4174
1
4175
1
4176
1
4177
1
4178
1
4179
1
4180
1
4181
1
4182
4
4183
1
4184
1
4185
1
4186
1
4187
2
4188
1
4189
1
4190
1
4191
1
4192
1
4193
1
4194
1
4195
2
4196
1
4197
1
4198
1
4199
1
4200
2
4201
2
4202
1
4203
1
4204
2
4205
1
4206
1
4207
6
4208
2
4209
1
4210
1
4211
1
4212
1
4213
1
4214
1
4215
1
4216
1
4217
1
4218
1
4219
1
4220
1
4221
1
4222
1
4223
1
4224
1
4225
1
4226
1
4227
1
4228
1
4229
3
4230
1
4231
2
4232
1
4233
1
4234
1
4235
1
4236
1
4237
3
4238
1
4239
1
4240
1
4241
1
4242
1
4243
1
4244
2
4245
4
4246
1
4247
1
4248
1
4249
1
4250
1
4251
1
4252
1
4253
1
4254
1
4255
10
4256
2
4257
1
4258
1
4259
1
4260
1
4261
1
4262
1
4263
1
4264
1
4265
1
4266
1
4267
1
4268
1
4269
1
4270
1
4271
1
4272
1
4273
3
4274
1
4275
1
4276
1
4277
1
4278
1
4279
1
4280
1
4281
1
4282
1
4283
1
4284
1
4285
1
4286
1
4287
1
4288
1
4289
1
4290
1
4291
6
4292
1
4293
1
4294
1
4295
2
4296
2
4297
1
4298
4
4299
1
4300
3
4301
1
4302
1
4303
1
4304
1
4305
11
4306
1
4307
1
4308
1
4309
1
4310
1
4311
1
4312
1
4313
1
4314
1
4315
3
4316
1
4317
1
4318
2
4319
1
4320
1
4321
3
4322
1
4323
1
4324
7
4325
1
4326
1
4327
1
4328
1
4329
1
4330
1
4331
2
4332
9
4333
1
4334
41
4335
1
4336
1
4337
2
4338
2
4339
2
4340
1
4341
1
4342
9
4343
1
4344
13
4345
1
4346
5
4347
2
4348
1
4349
2
4350
1
4351
1
4352
4
4353
1
4354
2
4355
2
4356
1
4357
4
4358
1
4359
1
4360
1
4361
1
4362
7
4363
2
4364
1
4365
1
4366
1
4367
1
4368
1
4369
2
4370
1
4371
1
4372
1
4373
1
4374
2
4375
1
4376
2
4377
2
4378
3
4379
1
4380
1
4381
2
4382
3
4383
6
4384
4
4385
1
4386
1
4387
1
4388
1
4389
1
4390
1
4391
3
4392
1
4393
2
4394
2
4395
1
4396
3
4397
4
4398
1
4399
2
4400
1
4401
1
4402
1
4403
1
4404
6
4405
1
4406
1
4407
7
4408
2
4409
6
4410
2
4411
4
4412
2
4413
18
4414
28
4415
8
4416
13
4417
21
4418
5
4419
5
4420
25
4421
5
4422
5
4423
6
4424
10
4425
5
4426
5
4427
16
4428
5
4429
5
4430
5
4431
5
4432
7
4433
5
4434
5
4435
6
4436
5
4437
5
4438
5
4439
5
4440
5
4441
5
4442
6
4443
5
4444
5
4445
7
4446
5
4447
5
4448
5
4449
5
4450
5
4451
5
4452
5
4453
5
4454
5
4455
10
4456
10
4457
5
4458
5
4459
5
4460
5
4461
5
4462
5
4463
5
4464
5
4465
5
4466
16
4467
10
4468
10
4469
5
4470
18
4471
5
4472
5
4473
10
4474
10
4475
6
4476
5
4477
5
4478
5
4479
5
4480
10
4481
5
4482
14
4483
6
4484
7
4485
5
4486
5
4487
5
4488
5
4489
5
4490
10
4491
5
4492
5
4493
5
4494
5
4495
5
4496
13
4497
16
4498
5
4499
5
4500
5
4501
5
4502
5
4503
9
4504
5
4505
10
4506
5
4507
7
4508
5
4509
5
4510
5
4511
15
4512
5
4513
5
4514
5
4515
5
4516
8
4517
5
4518
5
4519
10
4520
5
4521
5
4522
5
4523
5
4524
5
4525
5
4526
5
4527
5
4528
6
4529
5
4530
5
4531
5
4532
5
4533
5
4534
5
4535
5
4536
5
4537
6
4538
5
4539
5
4540
5
4541
5
4542
5
4543
10
4544
6
4545
5
4546
5
4547
5
4548
5
4549
5
4550
5
4551
11
4552
5
4553
5
4554
11
4555
5
4556
50
4557
5
4558
5
4559
7
4560
20
4561
20
4562
5
4563
5
4564
5
4565
5
4566
5
4567
5
4568
5
4569
5
4570
5
4571
8
4572
5
4573
5
4574
5
4575
5
4576
5
4577
5
4578
5
4579
5
4580
23
4581
15
4582
5
4583
5
4584
5
4585
5
4586
5
4587
5
4588
6
4589
5
4590
14
4591
5
4592
6
4593
5
4594
5
4595
5
4596
5
4597
5
4598
5
4599
6
4600
5
4601
6
4602
5
4603
5
4604
5
4605
5
4606
5
4607
5
4608
5
4609
5
4610
5
4611
5
4612
5
4613
5
4614
5
4615
5
4616
5
4617
5
4618
5
4619
5
4620
5
4621
5
4622
5
4623
5
4624
5
4625
5
4626
5
4627
5
4628
5
4629
5
4630
5
4631
5
4632
5
4633
5
4634
5
4635
5
4636
5
4637
5
4638
5
4639
5
4640
5
4641
5
4642
5
4643
5
4644
5
4645
7
4646
5
4647
6
4648
5
4649
5
4650
5
4651
5
4652
5
4653
5
4654
5
4655
5
4656
5
4657
5
4658
5
4659
5
4660
5
4661
5
4662
6
4663
5
4664
5
4665
10
4666
5
4667
5
4668
5
4669
5
4670
5
4671
5
4672
5
4673
7
4674
5
4675
5
4676
5
4677
5
4678
5
4679
5
4680
5
4681
5
4682
5
4683
5
4684
5
4685
5
4686
7
4687
5
4688
5
4689
5
4690
5
4691
5
4692
5
4693
5
4694
5
4695
5
4696
1
4697
4
4698
2
4699
8
4700
1
4701
2
4702
2
4703
2
4704
3
4705
2
4706
1
4707
15
4708
1
4709
1
4710
1
4711
1
4712
1
4713
22
4714
1
4715
1
4716
1
4717
1
4718
2
4719
1
4720
3
4721
1
4722
6
4723
1
4724
1
4725
1
4726
1
4727
1
4728
1
4729
1
4730
1
4731
5
4732
1
4733
5
4734
1
4735
2
4736
1
4737
1
4738
1
4739
3
4740
3
4741
1
4742
1
4743
4
4744
2
4745
2
4746
2
4747
2
4748
2
4749
1
4750
9
4751
2
4752
3
4753
1
4754
2
4755
1
4756
1
4757
2
4758
2
4759
1
4760
1
4761
1
4762
3
4763
1
4764
3
4765
1
4766
1
4767
1
4768
2
4769
2
4770
1
4771
1
4772
2
4773
1
4774
4
4775
1
4776
2
4777
2
4778
1
4779
1
4780
1
4781
1
4782
1
4783
1
4784
1
4785
1
4786
1
4787
1
4788
1
4789
1
4790
1
4791
3
4792
1
4793
3
4794
2
4795
7
4796
1
4797
4
4798
2
4799
1
4800
1
4801
1
4802
1
4803
1
4804
1
4805
1
4806
3
4807
3
4808
5
4809
2
4810
1
4811
1
4812
1
4813
1
4814
2
4815
1
4816
1
4817
1
4818
1
4819
2
4820
4
4821
1
4822
1
4823
1
4824
1
4825
2
4826
1
4827
1
4828
1
4829
1
4830
1
4831
1
4832
1
4833
1
4834
1
4835
1
4836
2
4837
1
4838
1
4839
1
4840
1
4841
1
4842
1
4843
4
4844
1
4845
1
4846
6
4847
3
4848
5
4849
1
4850
1
4851
1
4852
1
4853
2
4854
1
4855
7
4856
1
4857
2
4858
1
4859
1
4860
6
4861
1
4862
5
4863
2
4864
1
4865
11
4866
2
4867
1
4868
1
4869
1
4870
4
4871
1
4872
5
4873
1
4874
1
4875
2
4876
1
4877
1
4878
1
4879
1
4880
1
4881
1
4882
1
4883
1
4884
3
4885
1
4886
1
4887
2
4888
3
4889
1
4890
1
4891
1
4892
1
4893
1
4894
1
4895
1
4896
3
4897
4
4898
7
4899
1
4900
1
4901
1
4902
1
4903
1
4904
1
4905
1
4906
1
4907
1
4908
1
4909
1
4910
1
4911
2
4912
1
4913
1
4914
1
4915
3
4916
2
4917
1
4918
1
4919
1
4920
1
4921
1
4922
2
4923
1
4924
1
4925
1
4926
1
4927
1
4928
1
4929
2
4930
1
4931
2
4932
1
4933
3
4934
1
4935
1
4936
1
4937
1
4938
2
4939
1
4940
4
4941
1
4942
1
4943
1
4944
6
4945
1
4946
1
4947
1
4948
1
4949
4
4950
1
4951
2
4952
2
4953
2
4954
1
4955
2
4956
1
4957
1
4958
1
4959
1
4960
2
4961
11
4962
3
4963
3
4964
3
4965
3
4966
6
4967
3
4968
3
4969
3
4970
6
4971
6
4972
3
4973
15
4974
6
4975
3
4976
3
4977
3
4978
3
4979
3
4980
6
4981
3
4982
3
4983
3
4984
6
4985
3
4986
3
4987
3
4988
3
4989
6
4990
6
4991
3
4992
8
4993
3
4994
3
4995
3
4996
3
4997
3
4998
9
4999
3
5000
3
5001
3
5002
3
5003
3
5004
3
5005
3
5006
3
5007
5
5008
3
5009
3
5010
3
5011
3
5012
3
5013
3
5014
3
5015
3
5016
3
5017
3
5018
3
5019
3
5020
6
5021
7
5022
3
5023
5
5024
3
5025
15
5026
3
5027
13
5028
6
5029
3
5030
4
5031
33
5032
15
5033
6
5034
3
5035
3
5036
11
5037
3
5038
3
5039
3
5040
3
5041
3
5042
3
5043
3
5044
3
5045
3
5046
3
5047
3
5048
3
5049
3
5050
3
5051
3
5052
3
5053
3
5054
2
5055
1
5056
1
5057
1
5058
1
5059
2
5060
1
5061
1
5062
5
5063
5
5064
63
5065
6
5066
5
5067
5
5068
5
5069
13
5070
5
5071
5
5072
1
5073
1
5074
1
5075
1
5076
2
5077
1
5078
1
5079
8
5080
1
5081
5
5082
1
5083
1
5084
1
5085
1
5086
1
5087
2
5088
2
5089
1
5090
1
5091
1
5092
1
5093
1
5094
1
5095
1
5096
7
5097
2
5098
1
5099
1
5100
1
5101
1
5102
1
5103
1
5104
1
5105
1
5106
1
5107
1
5108
21
5109
1
5110
1
5111
1
5112
2
5113
1
5114
1
5115
1
5116
1
5117
1
5118
5
5119
2
5120
3
5121
2
5122
1
5123
1
5124
2
5125
1
5126
2
5127
2
5128
2
5129
1
5130
1
5131
1
5132
1
5133
1
5134
1
5135
1
5136
1
5137
1
5138
1
5139
1
5140
1
5141
2
5142
1
5143
1
5144
2
5145
2
5146
2
5147
1
5148
1
5149
2
5150
2
5151
1
5152
1
5153
1
5154
2
5155
1
5156
1
5157
1
5158
1
5159
1
5160
2
5161
2
5162
2
5163
2
5164
3
5165
2
5166
1
5167
2
5168
2
5169
1
5170
2
5171
1
5172
1
5173
1
5174
1
5175
1
5176
1
5177
2
5178
2
5179
2
5180
1
5181
1
5182
2
5183
1
5184
1
5185
2
5186
1
5187
1
5188
2
5189
2
5190
5
5191
1
5192
2
5193
1
5194
5
5195
1
5196
2
5197
2
5198
1
5199
2
5200
2
5201
1
5202
1
5203
1
5204
1
5205
1
5206
1
5207
2
5208
17
5209
1
5210
1
5211
4
5212
2
5213
1
5214
1
5215
2
5216
1
5217
1
5218
1
5219
1
5220
1
5221
2
5222
2
5223
1
5224
1
5225
1
5226
2
5227
2
5228
1
5229
2
5230
2
5231
1
5232
3
5233
1
5234
1
5235
2
5236
2
5237
1
5238
2
5239
2
5240
2
5241
3
5242
1
5243
1
5244
1
5245
1
5246
2
5247
1
5248
2
5249
1
5250
1
5251
1
5252
2
5253
2
5254
1
5255
1
5256
2
5257
5
5258
2
5259
2
5260
1
5261
1
5262
2
5263
2
5264
2
5265
2
5266
1
5267
1
5268
1
5269
1
5270
2
5271
2
5272
2
5273
2
5274
2
5275
2
5276
2
5277
2
5278
1
5279
1
5280
1
5281
1
5282
1
5283
1
5284
1
5285
1
5286
5
5287
1
5288
2
5289
1
5290
1
5291
2
5292
2
5293
2
5294
2
5295
1
5296
1
5297
2
5298
1
5299
1
5300
1
5301
1
5302
1
5303
1
5304
1
5305
1
5306
1
5307
1
5308
1
5309
1
5310
2
5311
5
5312
5
5313
1
5314
1
5315
5
5316
1
5317
1
5318
1
5319
1
5320
1
5321
1
5322
1
5323
1
5324
1
5325
1
5326
1
5327
1
5328
1
5329
1
5330
1
5331
1
5332
1
5333
1
5334
1
5335
1
5336
1
5337
1
5338
1
5339
4
5340
1
5341
1
5342
1
5343
1
5344
1
5345
1
5346
1
5347
1
5348
1
5349
1
5350
1
5351
1
5352
1
5353
1
5354
1
5355
1
5356
1
5357
1
5358
1
5359
1
5360
2
5361
1
5362
1
5363
1
5364
1
5365
1
5366
1
5367
1
5368
1
5369
1
5370
1
5371
1
5372
1
5373
1
5374
1
5375
1
5376
1
5377
1
5378
1
5379
5
5380
1
5381
1
5382
1
5383
1
5384
1
5385
1
5386
1
5387
5
5388
1
5389
4
5390
4
5391
4
5392
8
5393
4
5394
4
5395
4
5396
4
5397
4
5398
4
5399
9
5400
4
5401
4
5402
4
5403
4
5404
8
5405
4
5406
4
5407
4
5408
4
5409
4
5410
4
5411
4
5412
4
5413
4
5414
4
5415
4
5416
4
5417
4
5418
4
5419
8
5420
4
5421
4
5422
4
5423
4
5424
4
5425
8
5426
4
5427
4
5428
4
5429
4
5430
5
5431
4
5432
4
5433
4
5434
4
5435
4
5436
4
5437
5
5438
4
5439
4
5440
4
5441
4
5442
4
5443
4
5444
4
5445
4
5446
4
5447
4
5448
4
5449
10
5450
4
5451
4
5452
4
5453
4
5454
8
5455
4
5456
4
5457
4
5458
4
5459
4
5460
4
5461
4
5462
4
5463
4
5464
4
5465
4
5466
4
5467
4
5468
4
5469
1
5470
1
5471
1
5472
1
5473
1
5474
1
5475
1
5476
2
5477
1
5478
2
5479
1
5480
1
5481
2
5482
1
5483
1
5484
1
5485
2
5486
1
5487
1
5488
1
5489
2
5490
1
5491
1
5492
1
5493
1
5494
1
5495
1
5496
1
5497
1
5498
2
5499
12
5500
1
5501
1
5502
1
5503
1
5504
1
5505
26
5506
1
5507
1
5508
1
5509
1
5510
1
5511
1
5512
1
5513
1
5514
1
5515
1
5516
2
5517
1
5518
1
5519
2
5520
1
5521
1
5522
1
5523
1
5524
1
5525
3
5526
3
5527
1
5528
1
5529
2
5530
1
5531
1
5532
3
5533
1
5534
1
5535
1
5536
1
5537
2
5538
1
5539
2
5540
1
5541
1
5542
3
5543
1
5544
1
5545
2
5546
1
5547
3
5548
2
5549
1
5550
2
5551
1
5552
1
5553
1
5554
1
5555
2
5556
2
5557
1
5558
1
5559
1
5560
1
5561
3
5562
2
5563
1
5564
1
5565
1
5566
1
5567
1
5568
1
5569
1
5570
1
5571
1
5572
1
5573
1
5574
2
5575
1
5576
1
5577
1
5578
1
5579
1
5580
1
5581
1
5582
1
5583
1
5584
1
5585
1
5586
1
5587
1
5588
1
5589
1
5590
1
5591
3
5592
1
5593
1
5594
1
5595
1
5596
1
5597
1
5598
1
5599
1
5600
1
5601
1
5602
1
5603
1
5604
1
5605
1
5606
1
5607
1
5608
1
5609
1
5610
1
5611
2
5612
1
5613
1
5614
1
5615
1
5616
3
5617
2
5618
2
5619
4
5620
5
5621
2
5622
4
5623
2
5624
2
5625
4
5626
3
5627
4
5628
5
5629
1
5630
5
5631
2
5632
1
5633
1
5634
1
5635
1
5636
1
5637
1
5638
3
5639
1
5640
1
5641
2
5642
1
5643
1
5644
1
5645
3
5646
1
5647
1
5648
1
5649
1
5650
1
5651
3
5652
1
5653
1
5654
1
5655
1
5656
1
5657
1
5658
4
5659
2
5660
1
5661
1
5662
1
5663
1
5664
1
5665
1
5666
1
5667
1
5668
1
5669
1
5670
1
5671
1
5672
1
5673
1
5674
1
5675
1
5676
2
5677
1
5678
1
5679
2
5680
2
5681
1
5682
1
5683
1
5684
1
5685
1
5686
1
5687
1
5688
1
5689
1
5690
2
5691
1
5692
1
5693
1
5694
1
5695
1
5696
1
5697
3
5698
1
5699
29
5700
1
5701
1
5702
1
5703
1
5704
1
5705
1
5706
1
5707
2
5708
2
5709
1
5710
1
5711
1
5712
6
5713
28
5714
5
5715
6
5716
2
5717
4
5718
4
5719
2
5720
2
5721
2
5722
1
5723
1
5724
2
5725
5
5726
1
5727
1
5728
1
5729
1
5730
1
5731
1
5732
1
5733
3
5734
1
5735
2
5736
1
5737
1
5738
1
5739
3
5740
5
5741
1
5742
1
5743
1
5744
4
5745
1
5746
5
5747
1
5748
1
5749
1
5750
1
5751
1
5752
1
5753
5
5754
1
5755
1
5756
1
5757
2
5758
2
5759
1
5760
1
5761
2
5762
1
5763
1
5764
1
5765
1
5766
4
5767
1
5768
1
5769
1
5770
1
5771
1
5772
1
5773
1
5774
1
5775
1
5776
1
5777
1
5778
3
5779
1
5780
1
5781
1
5782
1
5783
2
5784
1
5785
1
5786
3
5787
1
5788
1
5789
1
5790
1
5791
1
5792
1
5793
1
5794
11
5795
7
5796
1
5797
2
5798
2
5799
2
5800
1
5801
1
5802
1
5803
1
5804
2
5805
1
5806
7
5807
2
5808
2
5809
2
5810
22
5811
1
5812
1
5813
16
5814
4
5815
2
5816
8
5817
3
5818
1
5819
1
5820
1
5821
2
5822
2
5823
3
5824
2
5825
2
5826
1
5827
1
5828
1
5829
1
5830
1
5831
1
5832
1
5833
1
5834
1
5835
1
5836
1
5837
1
5838
1
5839
2
5840
1
5841
1
5842
1
5843
1
5844
1
5845
1
5846
1
5847
1
5848
1
5849
1
5850
1
5851
1
5852
1
5853
1
5854
1
5855
1
5856
1
5857
1
5858
1
5859
1
5860
1
5861
1
5862
1
5863
1
5864
3
5865
1
5866
1
5867
1
5868
1
5869
1
5870
1
5871
1
5872
1
5873
2
5874
1
5875
1
5876
1
5877
1
5878
1
5879
1
5880
2
5881
1
5882
1
5883
1
5884
1
5885
1
5886
1
5887
2
5888
2
5889
1
5890
1
5891
2
5892
5
5893
1
5894
1
5895
1
5896
1
5897
1
5898
2
5899
4
5900
2
5901
2
5902
2
5903
1
5904
2
5905
1
5906
1
5907
1
5908
1
5909
1
5910
1
5911
1
5912
3
5913
1
5914
1
5915
1
5916
1
5917
1
5918
1
5919
1
5920
1
5921
1
5922
1
5923
1
5924
1
5925
3
5926
4
5927
3
5928
1
5929
1
5930
1
5931
2
5932
1
5933
3
5934
1
5935
1
5936
1
5937
1
5938
1
5939
3
5940
1
5941
6
5942
1
5943
1
5944
1
5945
2
5946
1
5947
2
5948
1
5949
1
5950
1
5951
1
5952
1
5953
5
5954
14
5955
5
5956
3
5957
1
5958
1
5959
2
5960
2
5961
1
5962
1
5963
2
5964
1
5965
3
5966
1
5967
1
5968
1
5969
1
5970
1
5971
6
5972
1
5973
1
5974
1
5975
1
5976
4
5977
1
5978
1
5979
1
5980
1
5981
1
5982
1
5983
1
5984
1
5985
1
5986
1
5987
1
5988
1
5989
2
5990
1
5991
1
5992
1
5993
1
5994
1
5995
1
5996
1
5997
1
5998
1
5999
1
6000
1
6001
1
6002
1
6003
1
6004
1
6005
1
6006
1
6007
1
6008
1
6009
1
6010
1
6011
1
6012
2
6013
1
6014
1
6015
1
6016
1
6017
1
6018
1
6019
1
6020
2
6021
1
6022
1
6023
1
6024
1
6025
1
6026
2
6027
2
6028
1
6029
2
6030
3
6031
1
6032
1
6033
1
6034
1
6035
1
6036
1
6037
1
6038
1
6039
1
6040
1
6041
2
6042
1
6043
2
6044
1
6045
1
6046
1
6047
1
6048
1
6049
1
6050
1
6051
2
6052
1
6053
1
6054
1
6055
1
6056
1
6057
1
6058
1
6059
2
6060
1
6061
3
6062
1
6063
1
6064
1
6065
1
6066
1
6067
1
6068
1
6069
1
6070
1
6071
1
6072
1
6073
1
6074
1
6075
1
6076
1
6077
1
6078
1
6079
1
6080
2
6081
1
6082
1
6083
1
6084
2
6085
2
6086
3
6087
3
6088
1
6089
1
6090
2
6091
3
6092
1
6093
1
6094
1
6095
1
6096
1
6097
1
6098
1
6099
1
6100
1
6101
1
6102
1
6103
1
6104
1
6105
1
6106
1
6107
1
6108
1
6109
1
6110
2
6111
1
6112
1
6113
1
