2156
2
1	2	26
3	4	5	6	7	8	9	10	11	12	13	14	6	15	16	17	18	19	20	21	22	23	24	13	21	25	10
26	27	28	29	30	21	31	32	33	34	30
21	35	36	37	38	39	40	11	41	4	42	43	44	7	31	45	46	4	43	47	13	21	14	9	13	21	48	49	46	50	16
51	52	53	54	55	17	39	53	56	57	58	59	33	4	60	61	22
4	62	63	64	65	66	67	68	69	70	71	11	72	38	73	31	45	60	74	6	21	75	1
46	6
76	77	11	78	79	80	4
81	82	17	83	1
84	12
85	39	86	87	88	17	89	90	13	6	21	24	1
91	7
92	90	93	94	33	21	95	15
96	53	55	17	20	97	98	68	99	6	11	53	100	17	83	1
84	2
85	16	2
87	101	31
90	102	21	95	103	104	11	53	105	106	20	107	108	21	109	11	7	110	111	112	68	113	43	65	114	115	116	117	118	6	119	1
51	6
52	21	120	20	121	98	4
89	122	123	124	3
46	65	97	2
123	125	4
126	127	4	128	3
129	1	2	15
3	4	5	6	7	8	9	10	11	12	13	14	6	15	16	10
17	18	19	20	21	22	23	24	13	21	1
25	10
26	27	28	29	30	21	31	32	33	34	1
21	8
35	36	37	38	39	40	11	41	14
4	42	43	44	7	31	45	46	4	43	47	13	21	14	7
9	13	21	48	49	46	50	16
51	52	53	54	55	17	39	53	56	57	58	59	33	4	60	61	22
4	62	63	64	65	66	67	68	69	70	71	11	72	38	73	31	45	60	74	6	21	75	1
46	5
76	77	11	78	79	1
80	4
81	82	17	83	1
84	8
85	39	86	87	88	17	89	90	4
13	6	21	24	1
91	7
92	90	93	94	33	21	95	15
96	53	55	17	20	97	98	68	99	6	11	53	100	17	83	1
84	2
85	16	2
87	101	4
90	102	21	95	10
103	104	11	53	105	106	20	107	108	21	4
109	11	7	110	2
1	2	4
36	40	11	41	6
123	4	130	20	131	24	16
132	133	134	135	57	47	136	11	21	137	9	11	12	138	139	39	2
11	78	23
140	141	94	21	31	45	142	11	7	143	17	21	144	145	39	146	11	147	148	21	32	33	139	2
2	149	3
150	151	152	1
153	1
154	1
155	2
46	4	4
92	44	7	45	4
51	127	147	128	5
156	157	11	147	26	5
7	150	151	152	17	7
85	26	7	158	159	39	142	1
145	15
4	62	63	72	38	73	31	45	17	65	66	67	68	160	161	5
68	81	82	17	83	1
84	1
85	7
92	90	93	94	33	21	95	4
96	53	55	17	2
20	97	9
98	68	99	6	11	53	100	17	83	1
84	1
85	10
103	104	11	53	105	106	20	107	108	21	4
109	11	7	110	1
162	1
163	1
164	1
69	2
165	166	2
167	168	2
66	67	7
11	12	169	170	171	142	172	7
51	173	26	7	174	159	39	3
150	151	152	12
171	36	21	175	176	177	62	178	4	13	21	179	9
180	4	159	57	12	181	13	182	142	4
104	4	20	7	7
183	33	118	11	21	184	185	6
177	186	11	187	188	189	4
190	191	12	192	8
21	193	36	118	11	194	39	195	2
196	21	6
197	36	11	43	198	199	5
200	39	201	47	202	2
203	21	2
177	57	12
204	102	205	206	39	201	207	206	208	209	210	211	4
212	6	209	213	9
21	214	33	21	95	36	11	178	7	2
164	211	8
39	108	215	216	217	11	7	213	2
33	218	6
215	57	12	219	39	4	4
43	11	12	220	7
221	46	4	90	222	6	7	2
164	213	1
201	8
4	43	11	223	30	4	123	224	6
215	36	198	225	226	95	3
49	79	97	8
227	57	12	11	228	229	213	33	2
164	230	1
46	1
4	6
92	38	11	47	21	95	15
201	51	231	232	11	233	94	234	21	199	39	140	235	20	236	2
237	161	2
238	33	4
239	240	168	39	1
241	2
242	243	3
240	168	39	1
244	3
118	133	6	2
245	241	3
118	238	6	5
246	36	17	198	247	2
248	71	3
6	249	213	1
46	4
250	251	102	41	1
201	1
250	2
252	215	1
16	9
253	254	255	39	58	198	93	17	21	1
256	2
246	36	8
257	258	259	74	36	198	260	261	4
262	17	171	263	10
118	264	6	255	39	58	198	60	17	265	1
256	2
246	36	2
266	267	4
118	264	205	255	6
268	269	268	4	270	205	2
271	258	1
272	6
164	185	57	12	264	21	4
273	6	21	60	6
21	145	36	6	21	266	1
267	9
274	13	209	265	273	39	253	217	275	3
21	265	276	5
39	277	278	21	279	3
126	228	147	2
242	243	1
39	1
244	5
118	238	6	245	280	6
281	4	270	198	282	283	4
58	198	60	6	1
202	5
246	36	17	198	247	2
171	259	6
57	284	285	102	257	258	1
259	7
286	6	171	259	20	254	255	5
58	198	93	6	202	1
266	4
246	36	17	198	1
247	4
118	264	205	255	6
268	269	268	4	270	205	2
271	258	1
272	6
164	185	57	12	264	21	4
273	6	21	60	6
21	145	36	6	21	266	1
267	9
274	13	209	265	273	39	253	217	275	3
21	265	276	5
39	277	278	21	279	3
126	228	147	7
46	4	123	40	170	21	287	8
96	288	39	113	57	289	4	244	4
20	198	290	176	7
4	15	291	11	118	11	83	1
292	7
85	39	178	21	161	293	209	1
100	1
294	2
129	295	2
296	297	1
298	10
164	299	8	300	301	36	140	234	21	263	1
302	5
17	21	303	304	305	7
306	7	307	20	89	21	308	13
49	309	20	21	310	311	268	312	313	26	314	242	17	1
315	1
316	3
317	314	281	6
318	319	320	39	21	24	2
321	17	1
315	1
316	6
322	38	26	21	323	17	1
324	6
39	325	278	302	198	202	1
326	3
20	198	327	10
328	57	12	138	20	324	329	44	278	302	1
16	7
196	330	7	197	331	11	332	3
281	21	333	23
334	57	12	91	13	21	335	336	337	26	338	33	339	13	340	341	342	343	344	345	230	20	334	4
346	39	340	341	12
347	33	21	348	349	350	206	344	345	230	16	351	1
334	2
346	352	2
340	341	12
353	354	330	7	355	343	206	344	345	230	16	351	1
334	2
346	352	2
340	341	1
356	6
357	106	39	358	123	359	2
46	360	11
51	52	6	33	53	361	301	362	16	166	363	5
364	365	68	366	367	3
104	91	11	5
53	106	170	312	313	9
308	57	12	307	94	39	368	6	53	3
100	369	139	14
68	96	370	371	17	21	372	373	68	166	363	20	97	98	14
374	11	178	94	375	11	187	26	376	377	20	378	16	379	4
380	36	7	381	3
382	383	384	1
202	6
385	39	386	278	387	388	4
389	278	390	391	5
171	392	389	393	394	17
395	39	396	13	205	225	229	397	268	398	399	21	400	401	33	402	403	2
404	6	1
405	9
16	198	406	407	39	198	408	409	410	6
411	26	209	412	395	413	10
58	6	327	414	13	415	33	178	416	395	18
417	116	418	419	420	421	39	45	73	422	16	49	62	209	423	424	21	401	2
404	205	2
21	425	27
384	426	16	198	427	13	21	425	428	77	21	429	430	20	431	20	205	57	420	134	38	432	97	28	198	433	434	14
178	94	13	171	435	436	33	21	437	39	438	33	439	423	5
171	389	44	440	441	7
21	327	442	88	96	215	202	1
443	2
444	39	8
39	21	327	442	445	96	215	202	5
198	33	21	402	446	1
202	1
189	2
382	383	1
83	1
447	1
85	1
115	1
448	1
449	1
88	1
450	2
117	451	1
452	4
117	453	20	452	1
32	1
454	1
449	1
455	3
456	457	458	1
459	9
104	20	181	288	113	187	43	460	96	3
380	123	272	1
461	4
13	65	462	463	1
464	2
465	466	1
467	1
464	1
468	1
469	1
470	1
464	2
471	352	1
472	2
68	473	4
474	475	476	39	3
477	478	479	2
104	91	4
113	480	121	420	9
92	289	4	21	481	11	482	483	484	3
117	20	474	17
113	485	94	6	21	486	487	488	39	420	489	198	490	33	159	20	491	3
492	5	493	7
465	466	6	39	300	494	6	5
164	264	89	113	495	1
496	4
380	36	21	100	6
497	498	499	36	448	500	8
501	33	21	502	499	36	369	17	4
503	504	36	13	2
164	499	3
505	504	13	1
164	9
21	506	36	63	507	198	508	6	448	10
39	113	57	509	20	510	117	20	497	505	1
511	1
83	3
512	513	514	1
515	9
108	516	517	518	16	53	519	520	448	2
521	522	12
121	523	12	524	113	525	39	523	77	11	526	7	5
430	33	527	121	176	9
113	57	50	43	11	528	13	272	529	2
113	57	6
43	272	355	530	39	531	2
104	91	2
532	533	1
170	2
85	534	1
535	1
536	1
369	1
537	1
450	1
11	1
538	1
539	1
540	3
541	542	94	1
539	14
113	96	21	543	25	527	544	11	228	46	420	523	545	4	4
198	430	33	527	1
546	8
420	187	50	43	527	11	545	94	2
420	547	2
46	548	7
4	526	198	430	170	198	549	10
316	50	550	46	545	170	198	549	36	548	6
49	113	187	43	198	430	5
33	527	4	191	526	1
420	6
92	21	551	39	420	123	5
242	11	552	209	553	10
49	113	523	12	554	11	127	4	526	555	16
51	289	288	198	96	46	4	123	360	39	113	57	108	555	11	21	2
542	94	1
556	1
557	5
140	558	264	21	559	5
65	114	20	375	177	2
42	187	11
36	74	198	226	560	11	118	11	334	6	448	2
561	36	12
164	426	16	123	4	118	11	291	11	118	11	562	3
42	177	108	1
563	6
16	312	88	113	64	4	7
113	186	113	523	564	21	14	4
244	212	16	49	2
33	218	1
113	5
92	128	189	121	36	1
196	9
191	4	565	288	244	566	6	97	88	2
104	395	1
567	2
567	568	4
569	570	455	571	8
121	572	230	36	94	573	11	574	5
575	39	576	478	577	2
578	579	1
580	1
155	4
581	39	582	583	2
584	585	2
586	587	1
155	4
588	39	589	590	2
591	592	1
14	2
576	593	2
594	595	2
586	587	1
596	1
597	6
140	64	26	21	455	33	2
164	185	2
164	131	2
598	599	9
16	39	177	43	198	600	601	11	381	15
113	43	324	21	560	6	272	602	603	16	74	57	12	87	604	7
605	30	21	426	33	21	9	6
20	198	606	33	53	607	9
420	57	608	198	461	33	609	68	610	3
611	39	612	6
46	177	43	198	103	613	5
177	62	127	614	128	9
180	21	461	57	156	12	170	615	21	3
164	616	617	2
121	500	13
177	359	11	618	619	198	609	68	198	610	20	53	620	1
621	3
17	131	243	19
177	57	359	11	186	46	177	291	11	187	622	623	13	598	11	21	361	218	624	6
625	547	626	20	246	420	6
123	627	39	201	131	628	1
629	3
116	523	12	4
630	268	377	631	16
625	36	307	288	198	632	172	16	39	523	77	11	43	53	350	13	4
633	33	21	9	1
63	14
625	634	46	177	291	635	39	73	520	636	13	598	11	632	3
113	637	614	8
76	528	26	4	16	49	121	177	2
92	12	11
198	638	346	639	39	121	632	523	640	12	641	21
113	642	177	643	63	291	11	187	644	16	619	26	21	629	68	645	646	21	624	647	612	11
16	13	648	177	291	11	289	198	649	11	21	2
650	490	1
642	1
190	4
21	651	39	652	2
567	568	3
569	570	455	3
653	505	654	1
556	1
557	7
140	655	26	656	39	625	657	5
658	659	374	11	660	3
94	559	197	5
113	291	11	661	121	6
662	215	523	12	663	11	3
43	4	380	1
51	7
92	330	215	518	664	6	665	2
92	666	3
665	11	667	8
113	57	668	669	46	4	187	50	2
46	4	1
92	3
667	171	559	24
113	670	4	57	12	380	269	671	16	221	171	672	36	550	11	673	13	21	674	182	619	176	36	663	10
140	489	11	118	90	131	97	563	17	675	3
676	113	525	8
677	89	33	272	678	13	272	679	6
215	617	680	11	681	682	7
39	113	683	684	102	272	685	14
430	38	21	686	687	171	559	16	215	509	688	689	49	113	15
92	690	94	375	187	26	21	691	692	375	187	21	693	684	234	15
16	183	113	694	121	695	696	26	21	697	6	268	198	691	692	6
36	121	375	215	36	20	7
113	128	4	698	89	33	171	4
11	147	13	699	12
49	177	191	50	58	215	89	13	17	121	88	395	1
700	4
21	6	121	640	9
92	688	43	21	339	11	187	171	113	4
523	659	701	202	18
57	374	11	330	702	6	198	602	603	20	30	139	196	113	558	215	36	703	14
57	96	21	704	705	706	39	228	375	21	451	523	12	20	4
707	4	21	708	2
597	656	2
532	533	1
170	1
568	2
567	534	1
653	1
535	1
536	1
454	1
709	1
450	1
11	1
710	1
710	1
571	1
540	1
711	1
556	1
597	7
164	21	712	6	21	713	185	8
177	62	324	26	140	198	602	603	3
87	714	325	2
715	417	2
702	716	3
717	277	716	3
113	718	202	2
26	574	5
719	536	131	720	721	5
198	721	629	68	610	1
611	2
612	36	5
198	310	268	722	622	4
723	720	721	36	13
207	721	191	181	198	461	33	361	68	724	481	345	218	1
21	4
725	726	688	727	1
196	5
164	198	728	17	729	3
730	17	16	2
731	16	2
732	16	3
717	16	16	3
702	733	16	1
668	8
68	345	734	46	177	204	215	102	1
735	5
375	187	4	736	558	10
42	177	737	628	481	16	68	140	118	26	1
171	16
113	558	738	39	113	523	12	641	26	171	739	33	729	16	49	640	8
92	118	740	26	741	39	742	518	1
196	16
46	177	688	291	11	187	21	16	187	177	43	198	729	20	116	566	4
177	15	291	11	3
743	628	481	1
642	1
567	2
567	568	3
569	570	455	3
653	505	654	1
113	1
597	7
164	21	712	6	21	713	185	8
177	62	324	26	140	198	602	603	3
87	714	325	2
715	417	2
702	716	3
717	277	716	3
113	718	202	2
26	574	5
719	536	131	720	721	5
198	721	629	68	610	1
611	2
612	36	5
198	310	268	722	622	4
723	720	721	36	13
207	721	191	181	198	461	33	361	68	724	481	345	218	1
21	4
725	726	688	727	1
196	5
164	198	728	17	729	3
730	17	16	2
731	16	2
732	16	3
717	16	16	3
702	733	16	1
668	8
68	345	734	46	177	204	215	102	1
735	5
375	187	4	736	558	10
42	177	737	628	481	16	68	140	118	26	1
171	16
113	558	738	39	113	523	12	641	26	171	739	33	729	16	49	640	8
92	118	740	26	741	39	742	518	1
196	16
46	177	688	291	11	187	21	16	187	177	43	198	729	20	116	566	4
177	15	291	11	3
743	628	481	1
642	1
567	2
567	568	3
569	570	455	3
653	505	654	1
556	1
571	12
291	11	744	20	21	176	113	640	726	6	21	745	10
118	6	380	39	4	222	288	17	198	746	10
104	20	565	21	747	215	745	215	13	11	7
21	373	11	552	4	748	380	6
704	33	21	749	750	751	5
92	688	752	753	754	2
420	509	23
164	617	755	756	33	555	39	694	555	6	614	757	625	291	758	6	77	614	759	760	761	758	6	7
762	90	614	704	755	763	29	4
39	57	565	4	5
164	745	196	764	177	3
92	765	555	1
751	5
766	604	428	767	768	8
769	745	770	771	39	556	772	745	2
198	773	16
164	6	774	775	20	556	558	776	777	188	11	330	777	778	688	779	4
92	780	140	50	3
781	196	782	4
769	428	225	202	2
20	21	4
164	783	13	14	22
113	637	777	4	634	784	20	21	785	786	13	14	39	121	171	736	745	13	7	562	39	3	2
164	787	7
769	77	89	33	121	98	198	1
788	5
104	91	20	789	171	41
574	39	113	186	46	790	191	90	777	11	198	791	6	792	480	4	523	12	793	11	187	21	666	36	6	415	4	43	198	663	39	113	123	509	794	11	228	4	736	763	559	2
556	571	10
113	525	196	795	11	228	4	39	7	734	3
20	7	796	1
797	7
126	13	12	798	170	799	799	1
201	20
126	800	11	14	293	21	801	802	803	804	805	6	806	53	807	808	170	14	6	467	2
806	264	5
187	188	6	369	26	5
809	39	810	726	663	6
164	811	751	38	20	812	15
127	288	128	375	4	813	170	814	215	523	12	815	11	228	614	1
518	26
816	39	113	750	242	11	817	121	188	818	489	819	13	614	820	215	617	821	196	282	676	177	43	655	11	614	1
171	36
164	822	33	823	29	617	747	13	198	172	33	21	824	825	826	123	770	21	827	660	20	555	13	828	209	823	21	829	20	747	745	6	21	229	830	831	4
832	830	833	834	7
113	835	836	837	39	747	428	6
11	12	13	74	198	788	2
58	59	2
1	571	8
415	4	489	198	727	838	11	137	13
662	215	745	198	839	840	26	4	838	217	11	14	20	3
164	520	185	14
766	39	113	523	77	12	26	4	89	6	369	21	33	841	7
113	752	121	15	43	821	21	6
95	177	842	312	313	518	3
177	43	421	4
21	628	205	122	2
196	46	11
121	659	660	20	4	177	57	197	6	121	122	6
215	63	289	766	198	839	7
97	88	11	843	90	556	772	4
769	146	11	202	2
129	844	14
29	281	763	20	21	708	33	89	21	845	769	3	171	29	14
554	4	57	12	846	6	57	509	794	11	228	4	201	39	11
554	4	57	43	88	20	198	64	281	847	848	1
395	4
1	571	39	656	5
140	44	73	849	11	7
164	850	606	246	21	851	562	6
13	852	36	776	20	614	7
21	606	57	12	6	853	17	3
525	17	562	1
39	8
164	854	123	849	147	11	21	185	1
855	10
113	57	794	198	856	33	21	849	11	4	3
140	291	11	6
90	21	122	11	4	331	4
104	20	181	288	3
857	6	858	18
113	128	121	4	39	625	57	12	90	147	11	6	859	846	21	763	600	29	3
39	121	860	6
57	861	12	198	862	863	14
376	265	600	29	62	12	249	815	39	864	17	21	310	88	8
865	21	686	382	268	751	268	4	1
62	26
39	148	4	128	215	858	57	12	866	39	173	11	4	13	198	176	121	330	89	33	21	867	500	140	868	61	3
869	7	327	7
870	268	574	215	36	198	815	2
871	571	15
380	123	131	704	170	21	265	872	33	873	16	858	745	264	68	2
426	754	8
625	108	288	437	113	874	642	548	1
39	4
316	550	131	426	5
126	108	288	131	774	1
49	7
316	50	558	264	121	60	331	1
113	10
92	128	753	875	215	745	11	876	13	395	5
113	525	198	229	230	4
767	221	33	614	1
768	16
177	877	53	265	838	11	21	878	39	769	657	121	625	745	187	641	3
625	879	880	6
164	781	198	727	773	881	26
177	123	882	102	198	883	39	625	860	264	236	17	198	88	196	215	289	288	88	11	90	198	884	885	33	886	14
126	640	330	198	838	887	11	21	888	13	198	600	29	39	9
126	12	550	11	127	4	128	889	115	1
113	9
415	4	89	123	187	379	286	13	890	3
164	21	704	1
278	11
727	891	189	187	4	178	88	20	89	33	121	12
4	42	892	198	385	115	21	893	118	748	11	894	8
278	201	4	42	43	895	895	896	8
278	21	176	375	36	7	327	145	15
113	15	291	11	667	278	131	79	26	198	897	362	39	198	898	9
306	4	660	726	767	28	812	6	899	6
4	57	330	198	727	900	9
727	403	39	901	902	123	89	4	359	1
903	10
39	198	600	904	628	905	4	57	828	102	10
215	906	21	907	94	33	908	628	696	909	6
126	127	4	12	20	331	9
49	187	564	376	896	40	177	395	555	2
104	4	8
250	44	7	314	20	21	711	334	10
5	7	10	39	197	11	43	73	869	79	1
910	5
104	4	20	911	413	2
912	151	1
159	3
913	76	149	2
329	885	2
329	914	3
915	170	916	2
917	122	3
918	776	919	1
87	4
330	198	229	527	2
50	920	2
142	145	1
921	1
154	1
155	1
147	5
7	922	36	923	20	7
924	176	33	21	505	925	926	4
796	927	33	356	1
87	1
202	3
4	57	178	7
268	4	509	217	6	7	820	4
121	21	746	121	3
928	94	123	9
21	746	115	4	43	929	696	20	628	1
202	1
2	5
104	4	20	21	930	4
21	231	36	931	1
932	1
571	13
113	140	291	11	565	198	933	934	935	6	7	936	11	2
937	938	4
39	198	839	939	8
198	104	4	20	630	91	268	272	2
940	56	7
113	745	51	26	272	941	17	2
39	942	1
91	16
745	6	33	21	600	943	68	944	826	745	760	945	98	264	21	946	9
113	947	7	88	39	948	13	56	288	9
857	6	7	949	379	950	936	11	937	1
938	20
113	415	951	952	11	118	379	20	4	39	4	952	11	869	421	21	953	33	53	954	4
268	4	15	128	16
131	955	956	113	186	11	272	297	823	39	43	949	957	121	327	958	20
51	127	288	128	46	74	36	65	176	121	113	62	12	33	107	11	4	39	7	954	6
959	36	73	960	33	21	4
164	961	33	962	5
16	963	197	964	952	3
16	964	570	4
16	965	570	911	4
16	964	966	967	3
16	937	968	3
16	912	969	2
16	970	2
16	918	5
113	62	12	971	17	3
964	918	944	2
972	973	3
974	16	975	1
315	1
976	1
977	1
978	1
155	1
979	1
307	1
707	1
85	1
100	1
980	1
85	12
747	617	613	198	297	981	39	982	113	57	952	11	5
660	17	272	373	380	9
268	379	268	17	272	327	373	983	984	1
982	16
4	57	77	12	793	11	52	288	17	619	161	20	21	763	600	955	13
13	272	985	313	33	871	17	747	113	43	821	986	20	2
987	988	3
954	570	352	1
968	1
964	1
570	1
989	22
39	113	525	509	794	11	12	793	11	952	11	660	990	26	747	39	628	825	360	13	116	961	1
571	9
857	6	21	936	11	937	938	225	379	1
950	2
952	963	3
1	972	991	8
857	20	992	993	21	314	946	82	6
171	36	7	718	480	20	6
994	995	17	21	996	527	1
142	3
994	997	373	2
998	999	1
517	1
14	1
505	1
1000	1
52	1
85	4
533	170	21	938	11
104	4	20	81	26	994	995	17	21	996	527	1
198	19
714	345	29	36	118	11	12	605	278	21	996	527	11	7	602	603	68	452	152	15
46	4	3	50	618	11	344	7	714	278	602	603	68	452	152	16
51	330	94	7	528	1001	11	21	996	527	39	142	215	11	998	999	2
517	6	1
14	1
155	9
46	177	187	50	44	7	329	1002	426	2
7	314	7
57	12	560	6	198	223	172	15
51	96	21	994	373	46	4	43	65	1003	68	911	11	7	314	4
714	57	50	12	3
1004	281	15	3
7	1005	1006	3
847	462	716	16
39	445	995	729	123	1007	6	21	265	426	33	207	33	7	1008	29	2
177	509	9
794	11	228	4	39	7	734	17	995	2
1009	98	11
11	44	1010	1011	460	1012	13	21	182	1013	171	2
314	946	2
1014	7	2
718	152	3
314	718	152	11
20	182	1015	39	11	284	141	13	7	182	314	1
45	4
1016	7	1017	39	1
1018	1
1017	1
972	1
1019	1
85	1
1018	1
1020	8
51	892	13	7	1018	20	182	147	2
20	1021	2
1022	177	6
92	565	21	1018	846	707	2
329	98	8
4	1023	11	344	21	1005	278	1024	2
668	605	2
668	1025	10
21	885	121	617	821	605	268	33	171	1026	1
1027	2
1006	1007	1
1009	16
46	4	659	1028	1029	11	21	995	39	43	50	1025	619	21	174	1005	7
68	21	714	278	602	603	68	2
452	152	11
215	36	1030	121	4	993	171	329	11	21	995	17
46	4	43	50	1025	65	1029	11	122	39	3	50	78	198	602	603	646	3
21	314	946	1
7	7
1031	13	995	36	50	1032	324	7
7	75	13	995	36	175	1033	7
281	4	43	536	13	619	198	4
714	68	174	329	6
51	565	171	329	13	1034	4
46	1035	198	528	8
142	215	11	21	954	145	172	984	1
51	8
12	550	11	181	21	159	33	21	3
6	21	528	4
330	528	94	11	2
21	996	2
1036	98	7
1037	991	36	842	1038	20	553	1
122	3
1039	275	1039	1
88	3
470	16	473	1
16	5
171	1036	36	138	17	4
996	527	39	1040	1
1041	3
445	1042	1043	1
14	1
155	2
1044	244	7
170	1045	1046	1047	39	285	133	5
330	198	93	6	1041	2
445	1042	11
17	21	265	1048	1049	285	93	102	21	996	527	3
952	48	21	9
1050	276	39	93	11	277	417	21	527	6
58	21	527	1051	11	21	5
1052	39	78	21	1053	1
63	9
92	1054	11	108	89	33	21	1055	1056	2
1057	847	2
124	995	2
1058	563	2
1059	531	3
1060	39	1061	4
87	1062	68	1063	3
1064	68	1065	8
1037	991	36	842	1066	1067	20	553	1
122	3
1039	275	1068	1
88	3
470	16	473	1
16	5
171	1036	36	138	17	4
996	527	39	1040	1
1041	3
445	1042	1043	1
14	1
155	2
1044	244	7
170	1045	1046	1047	39	285	133	5
330	198	93	6	1041	2
445	1042	11
17	21	265	1048	1049	285	93	102	21	996	527	3
952	48	21	9
1050	276	39	93	11	277	417	21	527	6
58	21	527	1051	11	21	5
1052	39	78	21	1053	1
63	9
92	1054	11	108	89	33	21	1055	1056	2
1057	847	2
124	995	2
1058	563	2
1059	531	3
1060	39	1061	4
87	1062	68	1063	3
1064	68	1065	7
1069	991	36	842	1038	20	553	1
122	3
1039	275	1039	1
88	3
470	16	473	1
16	5
171	1036	36	138	17	4
996	527	39	1040	1
1041	3
445	1042	1043	1
14	1
155	2
1044	244	7
170	1045	1046	1047	39	285	133	5
330	198	93	6	1041	2
445	1042	11
17	21	265	1048	1049	285	93	102	21	996	527	3
952	48	21	9
1050	276	39	93	11	277	417	21	527	6
58	21	527	1051	11	21	5
1052	39	78	21	1053	1
63	9
92	1054	11	108	89	33	21	1055	1056	2
1057	847	2
124	995	2
1058	563	2
1059	531	3
1060	39	1061	4
87	1062	68	1063	3
1064	68	1065	8
1069	991	36	842	1066	1067	20	553	1
122	3
1039	275	1068	1
88	3
470	16	473	1
16	5
171	1036	36	138	17	4
996	527	39	1040	1
1041	3
445	1042	1043	1
14	1
155	2
1044	244	7
170	1045	1046	1047	39	285	133	5
330	198	93	6	1041	2
445	1042	11
17	21	265	1048	1049	285	93	102	21	996	527	3
952	48	21	9
1050	276	39	93	11	277	417	21	527	6
58	21	527	1051	11	21	5
1052	39	78	21	1053	1
63	9
92	1054	11	108	89	33	21	1055	1056	2
1057	847	2
124	995	2
1058	563	2
1059	531	3
1060	39	1061	4
87	1062	68	1063	3
1064	68	1065	3
82	314	98	11
171	718	707	39	82	314	1070	745	1071	11	4	9
278	994	995	17	21	996	527	39	1072	1
85	1
298	4
1072	1071	82	314	2
329	946	2
39	1073	3
937	1074	1070	12
20	89	1075	33	9	39	954	121	359	11	1076	314	1
45	3
1072	103	13	8
1077	198	1021	39	1078	20	993	9	1
954	4
39	995	1079	82	8
281	81	20	73	9	121	36	147	2
164	1070	1
177	7
258	7	1017	246	36	7	707	3
145	39	1018	2
121	176	8
21	763	88	4	123	81	20	73	6
9	39	4	228	21	1072	1
1080	37
140	78	13	7	1017	39	1018	39	21	1081	314	45	57	12	141	94	20	4	1072	36	760	374	11	1082	215	1070	196	121	1083	88	198	230	81	82	275	215	1070	4
215	36	198	933	1
875	1
39	2
1084	946	6
51	289	147	7	1085	39	4
1086	1030	278	707	1
85	6
11	178	94	97	264	1072	2
215	1087	3
39	215	1088	1
707	1
85	8
46	4	123	360	13	12	198	452	4
420	43	360	9	5
117	39	838	89	313	7
228	21	487	488	20	54	9	7
510	117	11	1089	1090	39	97	1
511	1
434	1
747	1
85	1
800	7
794	278	1091	1092	1093	747	6	1
525	1
1094	1
525	1
11	4
989	16	1095	1096	1
1097	1
540	5
989	16	421	480	352	3
1098	16	16	1
1099	3
747	800	527	1
511	1
434	1
747	1
85	1
800	3
421	480	352	1
1098	1
1100	3
888	16	1099	12
847	36	1071	196	51	1101	11	1102	1103	87	1104	28	1
1	4
104	4	20	81	10
7	613	1105	36	1106	39	7	1018	36	1107	6
4	15	147	171	1017	11	6
147	21	1108	1109	17	511	1
83	1
1110	4
85	1111	1108	514	1
1112	5
1113	21	1114	1115	17	1
511	1
83	1
1110	5
85	1111	1108	1115	514	1
1112	1
515	5
1113	21	1110	1115	17	1
511	1
83	1
1110	5
85	1111	1108	1115	514	1
1112	1
1116	1
1117	5
835	53	1118	1119	17	1
511	1
83	1
1110	4
85	1120	1121	514	1
1112	5
835	53	1122	17	511	1
83	1
1110	4
85	1120	1123	514	1
1112	3
835	1124	937	4
198	1125	1126	17	1
511	1
83	1
1110	5
85	1111	1127	1128	514	1
1112	11
51	127	147	128	46	4	43	65	601	68	1013	3
1129	487	1070	7
104	4	20	157	11	21	1130	1
857	6
7	1131	1132	617	821	1133	5
4	43	821	1134	11	1
85	5
171	36	198	1135	172	8
13	462	11	565	142	11	21	172	1
4	6
359	11	145	7	533	11	1
85	5
115	157	11	172	533	3
147	21	202	2
157	11	1
1136	12
33	7	707	1137	11	565	21	986	217	11	21	172	5
1131	694	4	13	1138	7
127	4	937	89	33	7	172	6
1139	170	198	1140	487	488	6
46	4	1141	291	11	1142	5
170	65	1131	142	172	2
51	64	1
511	1
83	1
1131	6
39	147	21	1017	599	4	3
1071	17	1143	1
85	2
1131	1018	1
104	1
910	3
21	1131	206	3
1144	1145	1146	3
13	140	171	2
164	822	3
177	43	1147	5
1148	33	327	1149	1119	2
16	16	1
722	7
21	797	6	826	355	207	1149	2
209	357	1
1150	6
1151	911	39	79	1152	1149	4
1153	170	1154	1155	6
177	63	1071	4	21	1156	4
152	20	207	1149	31
196	4	62	959	38	39	274	174	1119	6	65	246	123	33	360	232	177	63	1071	4	26	1136	896	6	1149	13	1157	170	234	21	105	2
103	608	6
462	1144	1145	1146	20	175	8
313	313	46	4	325	1158	39	44	10
232	89	33	21	33	171	1159	13	1160	311	4
1083	1161	1162	237	2
1163	1164	3
1145	1165	1155	2
676	1166	3
39	242	7	3
1139	13	709	2
20	175	9
1014	79	97	26	198	357	1160	488	1167	1
175	15
20	1096	11	7	1081	1168	564	215	6	7	1169	20	1113	268	325	3
1170	215	665	13
68	289	147	21	172	33	1171	39	127	147	58	59	33	5
1172	20	4	7	461	4
20	171	103	608	4
4	1173	462	148	1
709	4
20	198	720	822	1
1174	1
1175	1
198	1
511	1
83	1
1176	1
85	1
1177	1
1178	1
315	1
83	1
1176	1
85	1
1160	11
1179	36	51	11	1180	121	6	33	53	106	1181	5
357	1182	39	1124	83	18
85	617	140	1183	11	106	117	11	21	1184	193	830	1185	1186	1187	560	13	1188	5
709	17	21	1189	1190	14
171	1191	177	43	117	11	289	61	17	1192	1099	1193	6	454	4
26	1194	170	1195	1
1196	1
1197	1
1198	1
1199	1
1200	1
1201	7
39	1202	658	11	159	198	600	15
171	9	36	7	1203	11	90	21	1204	327	6	21	193	830	1205	7
26	21	949	911	13	21	1205	14
62	4	1206	50	11	12	1207	26	7	1208	17	171	1209	88	10
20	97	98	6	21	1186	156	118	11	83	1
1179	2
85	193	1
46	12
76	77	11	81	20	21	232	117	156	118	11	83	1
1179	8
85	1210	39	141	13	7	52	308	9
1171	57	12	1211	278	1192	1193	6	454	4
228	4	13	1188	1
1212	3
1213	1214	202	2
1215	33	3
20	1216	1217	6
701	215	214	36	11	289	6
164	1218	912	73	1203	121	2
191	202	7
1219	555	887	198	327	1220	1221	1
202	21
1213	1222	617	1223	198	105	1224	1214	1215	57	11	1225	209	563	20	73	1184	1216	1217	1226	202	3
1215	33	747	1
202	1
202	4
115	6	340	1227	3
859	6	520	1
202	1
657	3
164	1228	938	2
1229	1230	10
1015	11	21	1231	33	747	39	1232	26	215	3
908	33	215	2
164	1233	12
39	196	1234	21	986	617	821	1235	573	11	21	1213	1
1236	1
202	17
250	694	21	1237	125	94	1238	236	956	39	21	885	33	360	1215	36	1239	1
202	5
1213	1240	1241	1242	637	1
1243	1
202	9
177	43	87	1244	6	753	895	747	1215	5
126	147	13	21	1217	1
202	14
1242	1134	121	1213	415	11	43	822	94	268	269	268	548	39	6
36	1245	20	198	433	125	20
11	12	1246	1247	1173	12	17	1248	313	33	553	39	12	793	11	1119	209	1249	17	747	7
1232	26	198	1250	1251	1252	39	2
1228	151	12
198	949	1228	13	198	1060	39	198	1253	36	63	325	3
20	598	98	1
96	3
16	5	1254	1
85	3
1	1255	452	8
104	4	20	1187	88	11	892	147	6
113	744	20	21	1256	4	5
123	1257	26	1258	82	5
113	947	7	1259	39	4
669	1260	171	1261	12
1262	1263	7	1132	797	74	745	198	1264	1265	6	7	12
1132	246	745	21	885	33	7	1266	11	1267	299	197	1
171	5
1268	745	140	821	202	6
6	7	763	955	1268	122	21
196	121	177	62	381	7	601	39	1013	13	198	88	1269	215	36	613	121	1232	26	7	986	7
51	181	7	158	312	724	152	5
33	7	1270	329	914	10
4	15	33	218	52	53	1268	1271	990	17	5
68	1272	232	152	239	2
525	11	2
525	1212	2
1273	426	10
198	29	39	420	57	12	650	11	1274	4	5
113	187	744	20	65	7
1275	171	1261	617	15	1276	4	12
177	415	177	43	1071	4	26	147	98	264	7	1277	1
46	5
4	43	65	1278	601	7
51	231	232	11	892	147	217	2
58	59	10
39	1279	4	89	21	785	39	1280	13	820	3
177	1281	947	10
7	1267	1095	39	460	1070	36	1009	11	147	3
177	415	121	9
4	750	1282	26	21	1070	4	43	44	2
1283	1284	3
460	59	297	2
1268	1271	2
1258	82	1
298	2
532	533	1
170	1
85	1
11	1
373	1
1267	1
85	4
1285	16	1286	1287	3
1285	16	1288	4
1285	16	21	287	3
1285	16	505	2
1285	16	2
1285	16	7
1285	16	628	51	289	308	144	9
1285	16	113	43	140	536	4	859	533	5
113	43	1289	21	1268	7
1290	20	21	312	39	1270	955	15
39	215	428	121	272	329	197	617	821	911	278	4	1291	272	1292	13
312	313	113	745	6	198	1293	299	329	197	264	345	313	4
1025	13	6	1294	3
113	3	50	7
1183	11	1295	11	65	628	197	15
1296	4	634	288	198	601	1260	21	1268	13	198	1297	68	1298	176	15
113	415	121	4	57	509	102	171	1261	1299	39	1004	65	1300	605	1
973	1
1287	3
1285	16	505	6
1285	16	628	16	228	930	5
104	4	20	7	533	10
21	602	603	113	291	11	147	36	1270	258	3
13	7	179	11
115	113	291	11	1301	21	1268	98	26	171	603	1
152	5
113	525	90	21	381	5
602	603	1302	13	147	21
21	603	36	13	727	928	39	74	36	1303	87	1304	26	171	603	39	74	745	874	65	1304	1
113	6
92	669	1305	7	179	1264	3
113	558	121	4
171	36	7	1304	2
50	1306	1
399	2
312	1307	1
1308	1
910	1
973	1
1287	1
315	1
164	23
113	43	140	96	399	39	745	637	21	1132	36	13	1309	1310	171	452	1311	36	140	198	600	29	61	1
39	26
164	659	88	20	4	11	81	39	12	1246	20	21	326	348	20	198	1312	140	565	13	7	45	39	329	278	302	5
39	1016	4	1173	12	3
384	11	1313	10
21	8	300	1314	39	372	291	11	104	171	3
164	106	11	9
122	39	1315	628	825	11	332	46	548	1
46	2
76	77	5
11	1316	171	1317	172	3
52	166	363	1
92	2
366	367	3
68	364	365	3
1318	1285	1070	4
1319	948	1320	948	3
1321	1322	352	2
248	1093	1
1323	3
1324	1285	1070	4
1325	948	248	1326	3
1325	948	1285	1
1070	3
1327	248	1070	3
1328	1285	1070	3
39	1325	948	2
1329	1070	8
21	952	963	33	171	301	275	21	5
1330	1011	33	21	341	7
334	39	1070	123	877	1206	175	8
275	7	356	39	177	947	7	1012	12
628	340	341	171	313	181	198	1331	1332	39	254	628	12
1333	89	341	57	12	1334	646	334	13	21	335	336	1
337	12
21	205	1335	323	57	12	319	170	198	1336	1337	1338	1
39	10
628	961	6	21	218	43	821	1337	268	379	4
196	64	21	100	1
83	1
1339	1
512	5
39	141	94	198	314	3
45	417	202	1
763	7
164	302	17	21	303	304	305	2
1340	1341	5
39	618	239	39	351	1
79	3
62	667	94	2
200	334	14
43	131	346	39	548	1313	198	340	341	39	43	788	33	226	5
46	4	43	628	601	2
52	370	2
371	17	5
171	533	745	536	278	2
1342	1343	2
964	938	4
14	948	944	372	1
1344	1
307	1
512	14
46	4	523	77	11	43	7	707	145	169	170	53	142	172	10
51	1345	21	1346	144	11	21	372	434	1347	5
189	4	57	178	198	5
11	169	7	159	284	38
727	327	113	52	1348	264	198	117	20	763	313	39	420	637	288	121	215	36	50	379	1349	49	46	4	291	198	117	89	4	43	11	187	36	118	11	21	1350	1351	21
552	555	7	117	20	21	1270	426	68	1352	504	39	4	57	12	793	11	482	21	117	20	1
1353	1
1354	15
171	36	21	175	176	4	62	90	198	1355	117	20	21	1026	426	14
90	21	117	268	4	118	13	221	21	1350	1351	1227	17	450	10
121	36	50	89	21	117	62	12	147	1356	10
215	779	50	43	11	12	147	21	763	426	2
1357	1358	4
747	1359	1070	1168	1
1360	3
1361	2	149	14
6	33	21	696	177	77	11	187	380	17	1362	36	107	4	4
1363	7	427	339	4
676	1364	123	198	5
260	1365	33	1083	427	5
177	485	11	97	28	18
1011	1189	13	97	28	1366	39	1367	1189	1368	38	11	27	28	21	1369	1370	1368	4
177	96	116	1362	2
103	1368	1
39	6
164	89	264	1233	4	1029	2
115	4	6
1371	20	198	1189	6	1362	1
85	5
140	509	20	21	202	1
1362	1
103	2
1372	39	2
126	128	5
658	90	171	103	1368	2
60	331	16
4	62	58	1373	33	73	1362	103	1368	17	21	1374	1375	13	1376	1377	2
171	1378	3
1189	140	520	9
39	215	1136	6	33	21	22	1076	33	1
1379	1
1380	1
227	5
39	1381	481	368	13	2
1376	1377	2
228	375	3
164	89	264	1
511	1
83	1
1362	4
85	1382	1383	1384	1
1385	1
1175	1
511	2
1386	1387	1
1385	2
800	327	2
1083	29	15
177	108	4	21	800	1301	196	4	62	330	889	21	60	800	461	1
76	1
700	5
1388	552	330	73	202	6
375	187	4	1191	7	893	4
92	669	1389	1390	1
1391	1
1392	1
379	15
164	209	1393	11	228	116	1394	268	97	28	140	1395	1396	33	1397	3
104	11	73	4
1388	1398	13	1399	1
76	1
700	6
121	57	107	7	893	90	3
1400	11	1401	1
511	1
83	1
1362	1
1402	1
1385	1
1175	1
511	2
1386	1387	1
1385	6
1359	665	11	1403	170	1404	10
1405	48	1406	1407	39	1408	33	1409	13	198	1
1410	10
246	36	21	22	33	215	1411	1412	33	1403	2
268	4	9
270	275	21	1413	33	171	1414	1415	1410	4
126	231	268	46	5
250	821	1359	11	1403	1
511	1
83	1
1362	1
1416	1
1385	1
1175	1
511	2
1386	1387	1
1385	7
1417	94	33	1418	26	1419	1420	1
46	9
658	1421	11	1418	20	21	1419	171	313	3
171	36	7	12
1393	11	1422	26	131	33	21	824	1423	234	6	198	4
1422	11	327	1424	6
233	94	26	1425	1426	1427	1
1010	3
1428	1429	1406	4
1430	1431	1432	1433	2
39	1434	3
1435	1436	1437	1
511	1
83	1
1362	1
1438	2
1385	1175	1
511	2
1386	1387	1
1385	1
228	5
164	327	13	628	560	1
511	1
83	1
1362	3
85	1439	1440	1
1175	1
511	2
1386	1387	1
1385	4
7	1441	1442	1443	12
250	923	1443	1386	11	107	4	178	663	1443	278	172	13
21	1444	1445	838	1443	495	278	7	1446	800	6	21	1447	1
4	1
350	8
4	62	911	7	1443	1386	1139	17	1
511	1
1362	3
85	1448	1449	1
1450	1
1451	1
1175	1
511	2
1386	1387	1
1385	12
177	43	877	215	1452	11	178	21	1444	1443	121	177	12
565	11	4	13	21	1441	142	278	565	4	21	1444	6
1443	495	278	628	1362	460	1
546	11
177	123	1453	11	1454	1443	20	89	548	1455	1456	3
13	21	1090	15
89	361	1455	1456	121	4	43	13	7	1441	1139	123	87	1457	1012	21
51	1345	380	11	99	102	1362	39	618	170	21	1458	33	1455	1456	177	187	1270	1454	1443	20	1
511	1
1362	3
85	1448	1449	1
1450	1
1175	1
511	2
1386	1387	1
1385	1
1177	12
528	94	89	7	1447	39	1443	481	26	53	1459	1460	1
511	1
83	1
1362	4
85	1382	1383	1384	1
1385	1
1175	1
511	2
1386	1387	1
1385	2
103	508	10
177	1461	21	785	608	39	936	11	108	4	5
1462	1255	6	1463	871	2
1464	168	4
1465	1466	11	1467	2
1468	170	1
1469	1
1470	3
39	520	1471	4
228	20	665	375	4
330	1468	196	663	1
511	1
83	1
1362	4
85	1439	508	1387	1
1385	1
1175	1
511	2
1386	1387	1
1385	1
1472	1
85	4
1473	13	1474	170	7
126	90	198	1475	702	13	1476	1
1477	2
39	1478	3
117	20	205	1
511	1
83	1
1362	4
85	1439	508	1387	1
1385	1
1175	1
511	2
1386	1387	1
1385	2
1422	1479	7
985	426	13	21	1480	1481	170	10
399	131	33	21	1482	1366	13	1474	39	1483	3
665	17	1089	1
511	1
83	1
1362	4
85	1439	508	1387	1
1385	1
1175	1
511	2
1386	1387	1
1385	1
1484	1
85	3
1485	1486	170	6
871	21	110	33	1487	395	2
1486	181	3
335	39	205	1
1364	1
511	1
83	1
1362	4
85	1439	508	1387	1
1385	1
1175	1
511	2
1386	1387	1
1385	7
509	20	97	663	508	6	1362	1
85	2
228	53	3
103	508	17	1
511	1
83	1
1362	3
85	1448	1488	1
1450	1
1175	1
511	2
1386	1387	1
1385	3
170	53	106	4
801	1489	800	1490	5
1491	7	327	463	1492	8
1033	7	463	1492	146	170	21	1493	7
16	330	550	21	1492	684	1494	1
196	5
658	50	1495	646	1496	1
1133	7
16	1182	7	1492	148	4	118	6
528	11	228	121	7	1182	1
1497	8
1337	1495	39	1498	1499	234	21	1090	10
16	46	4	43	11	58	7	463	1492	748	5
694	555	13	21	1189	1
216	9
20	1127	39	1500	13	350	21	429	1501	3
68	20	198	1
741	12
33	1502	11	1503	4	33	7	838	20	313	11	667	2
64	801	1
1489	3
20	308	228	1
511	1
1134	1
1504	4
85	1134	1505	1506	1
1385	1
1175	1
511	2
1386	1387	1
1385	7
104	4	91	20	800	26	1362	1
85	1
1362	3
85	800	206	3
92	140	800	2
800	60	1
511	1
1362	1
85	1
1175	1
511	2
1386	1387	1
1385	9
4	123	44	171	221	4	123	198	81	3
452	33	1362	1
85	14
7	1362	1095	36	232	39	7	1507	39	602	603	1021	123	1508	1
601	3
64	21	1362	4
85	1070	305	17	1
511	1
83	1
1362	3
85	1439	1070	1
1175	1
511	2
1386	1387	1
1385	11
46	4	187	50	1279	11	44	65	1278	170	147	7
51	157	11	171	142	26	202	4
13	21	540	1509	10
744	49	177	683	157	11	986	11	1443	1386	9
46	4	43	601	68	291	11	289	1085	2
1345	380	1
511	1
83	1
1362	3
85	1448	1085	1
1450	1
1510	1
1175	1
511	2
1386	1387	1
1385	2
1510	1177	1
700	1
1362	1
298	3
89	60	324	5
171	707	745	536	11	1
747	1
85	2
1	800	10
375	57	215	58	11	90	4	11	1511	887	3
58	198	1512	9
39	808	21	1513	1514	20	198	773	1515	3
753	264	198	1
508	7
164	140	518	727	11	270	38	1
379	3
380	215	36	15
60	331	115	4	385	198	286	17	198	1516	1189	68	1375	6	1362	1
1517	14
126	90	748	7	763	286	727	20	38	11	1238	500	196	331	1
126	5
869	7	427	79	97	5
128	4	43	859	6	1
40	4
39	26	171	508	1
4	5
92	1206	50	11	58	2
859	427	1
1518	7
658	197	198	427	11	21	1469	1
21	1
25	3
68	21	110	4
99	6	11	1362	3
85	544	39	1
126	9
107	4	1232	26	53	1088	1516	1189	39	5
1375	197	21	60	838	8
1345	380	11	385	7	286	26	1516	1
511	1
1519	1
1520	3
697	1521	1387	1
1385	1
1175	1
511	1
1519	1
1520	3
697	1521	1387	1
1385	1
1522	1
1362	3
85	800	206	3
92	140	800	2
800	60	1
1523	7
164	198	1524	20	4	823	800	2
285	7	6
763	823	838	102	198	427	22
89	4	43	11	187	36	286	17	1248	6	500	17	65	1516	1189	68	1375	6	7	763	823	838	6
39	7	763	427	191	12	1
748	3
39	4	642	5
76	874	90	795	846	4
859	823	838	91	8
16	608	1250	6	385	877	6	1362	3
85	239	537	2
39	302	6
20	65	1516	1189	39	1375	6
286	1173	1525	537	275	841	2
1334	36	10
20	748	198	182	286	17	1516	161	26	528	3
13	239	449	2
39	34	10
748	1252	57	12	142	11	21	145	6	21	10
602	603	1526	17	21	88	33	21	265	385	8
324	20	1334	1527	1173	12	877	239	1
841	2
275	34	3
1334	1250	20	5
453	33	1238	1528	500	3
385	877	275	1
1362	5
85	1189	451	123	1529	9
207	1334	1250	20	175	6	702	646	286	1
1334	6
540	11	368	39	834	1138	1
598	2
1530	1531	3
20	97	308	2
118	380	1
511	1
1519	1
1520	3
697	1521	1387	1
1385	1
1175	1
511	1
1519	1
1520	3
697	1521	1387	1
1385	3
264	171	142	6
4	123	44	171	221	4	6
123	198	81	452	33	1362	1
85	2
7	1532	9
1095	36	232	39	7	1507	39	602	603	3
1021	123	1508	10
46	4	187	50	1279	11	44	65	1278	936	2
170	147	5
51	157	11	171	142	2
26	202	4
13	21	540	1509	4
601	264	7	1507	4
835	53	1507	1533	1
511	1
1519	1
1520	3
697	1521	1387	1
1385	1
1175	1
511	1
1519	1
1520	3
697	1521	1387	1
1385	6
601	264	7	602	603	1021	6
835	53	602	603	1508	1533	1
511	1
1519	1
1520	3
697	1521	1387	1
1385	1
1175	1
511	1
1519	1
1520	3
697	1521	1387	1
1385	5
46	4	43	628	601	3
64	21	1362	2
85	1070	1
305	1
511	1
1519	1
1520	3
697	1521	1387	1
1385	1
1175	1
511	1
1519	1
1520	3
697	1521	1387	1
1385	1
744	8
49	177	683	157	11	986	11	171	9
46	4	43	601	68	291	11	289	1085	2
1345	380	1
511	1
1519	1
1520	3
697	1521	1387	1
1385	1
1175	1
511	1
1519	1
1520	3
697	1521	1387	1
1385	1
1362	1
298	3
89	60	324	1
1362	1
1362	1
85	3
39	21	1362	4
85	1080	123	619	7
81	1534	68	1534	33	1362	298	2
13	21	1
163	1
164	4
1535	39	628	1536	3
628	1111	39	9
1168	159	983	1537	15	12	1534	33	209	2
1538	1539	7
1345	380	20	1362	1540	33	147	1
511	1
1519	1
1520	3
697	1521	1387	1
1385	1
1175	1
511	1
1519	1
1520	3
697	1521	1387	1
1385	5
171	707	745	536	11	1
747	1
85	2
171	36	2
164	1274	2
567	568	7
567	634	288	11	565	4	614	1
1541	9
567	57	12	13	327	442	20	198	29	3
1542	275	448	7
625	57	286	17	21	1543	1189	3
561	275	454	8
625	57	286	17	21	1544	1545	625	2
92	128	3
21	979	87	9
16	39	113	525	1546	198	1547	230	1274	1
113	2
92	43	5
88	11	509	215	38	1
16	1
63	2
30	561	4
4	15	374	614	3
164	1548	1344	4
4	62	760	374	6
164	1548	1344	16	49	625	2
92	688	9
690	94	753	11	1549	533	566	16	196	4
126	640	43	767	7
347	808	198	533	17	21	1189	9
567	57	146	6	1542	79	6	303	1459	2
631	17	1
315	1
316	2
567	568	3
569	570	455	3
653	505	654	2
1	1362	2
85	800	11
331	4	62	1014	205	176	26	21	1550	924	168	8
1443	119	39	171	103	608	170	1362	1
1517	2
385	198	4
924	117	6	1362	3
85	331	39	3
126	1014	722	17
126	289	4	198	1551	20	748	198	182	924	1459	11	908	1552	13	21	163	1
164	13
250	761	30	853	11	58	1373	33	21	1550	924	1443	119	7
39	46	4	385	198	924	117	2
26	1362	1
85	8
126	289	4	198	1551	20	748	7	2
763	1459	6
46	4	252	21	1443	119	3
92	817	385	6
198	924	117	148	841	39	3
126	659	1163	3
20	21	1551	8
1345	380	20	97	308	33	171	608	1
511	1
1519	1
1520	3
697	1521	1387	1
1385	7
196	385	7	924	117	26	1362	16
85	331	39	4	62	285	198	838	544	102	260	1233	6	198	1553	1554	6
753	779	1555	726	13	1166	3
68	1556	13	1
709	1
1557	7
242	7	197	331	39	12	550	3
11	385	269	1
1362	3
85	800	206	3
92	140	800	2
800	60	1
315	1
164	3
6	312	696	6
171	608	36	368	11	190	4
49	175	6	1362	1
85	6
196	12	550	11	794	171	12
11	790	4	558	643	77	11	90	61	39	1014	1029	4
17	21	310	88	6
1163	482	1173	1525	6	1362	4
85	268	198	163	1
164	12
243	33	119	39	198	1558	1559	1443	33	345	117	36	1
325	6
1163	1560	1561	117	15	12	7
1562	68	1563	1459	6	924	168	2
924	1564	8
68	924	1565	87	1566	1567	68	1568	2
1569	1459	7
1163	117	1173	12	482	6	1362	2
85	239	3
525	1212	853	1
275	2
450	1212	1
841	5
1163	800	1173	1525	853	2
275	699	7
1551	800	1173	12	482	6	1362	2
85	239	3
525	1212	449	1
275	2
450	1212	1
699	6
1570	1173	1571	1551	800	6	3
68	281	699	6
39	993	89	800	6	68	2
148	709	5
1551	36	1250	175	6	7
1561	117	1002	21	1572	924	1573	1
1574	2
39	1535	1
1468	3
1575	1576	352	1
163	1
164	1
1577	3
1578	123	1579	3
1580	122	1531	6
1551	800	36	50	1581	6	2
116	122	1
1582	2
1583	722	5
1580	122	15	63	1531	3
598	1530	1531	3
20	97	308	2
1345	380	1
511	1
1519	1
1520	3
697	1521	1387	1
1385	3
264	171	142	4
4	123	44	171	8
221	4	123	198	81	452	33	1362	2
85	1521	9
7	1362	1521	1095	36	232	39	7	1507	6
39	602	603	1021	123	1508	10
46	4	187	50	1279	11	44	65	1278	936	2
170	147	5
51	157	11	171	142	2
26	202	4
13	21	540	1509	6
1054	7	1584	159	68	1018	2
1345	380	1
511	1
1519	1
1520	3
697	1521	1387	1
1385	4
601	264	7	1507	4
835	53	1507	1533	1
511	1
1519	1
1520	3
697	1521	1387	1
1385	6
601	264	7	602	603	1021	6
835	53	602	603	1508	1533	1
511	1
1519	1
1520	3
697	1521	1387	1
1385	5
46	4	43	628	601	3
64	21	1362	2
85	1070	1
305	1
511	1
1519	1
1520	3
697	1521	1387	1
1385	2
658	1585	8
49	177	683	157	11	986	11	171	1
46	6
76	77	11	289	147	1085	2
1345	380	1
511	1
1519	1
1520	3
697	1521	1387	1
1385	1
1012	1
1362	1
298	1
1362	1
1362	1
85	2
21	1586	1
1080	2
39	202	3
92	140	800	2
800	60	1
202	2
123	619	6
81	1534	68	1534	33	1362	1
298	8
13	21	924	1573	39	68	628	1536	2
89	60	1
324	14
628	1168	39	1111	159	983	1537	15	12	1534	33	209	1538	1539	4
1362	1540	33	147	1
511	1
1519	1
1520	3
697	1521	1387	1
1385	2087
1
1587	7
13	21	9	1588	1049	21	981	8
177	523	359	11	330	215	1589	1590	1
1591	9
51	547	21	1150	1592	98	325	278	246	6
177	359	50	344	1593	1590	18
46	4	359	97	599	6	21	1594	33	660	1595	4	62	655	11	1596	1597	1598	1
1260	1
1599	2
1598	1600	1
525	1
11	1
1596	2
1599	1601	1
1097	1
1602	2
1603	1604	1
1605	1
521	2
1606	1607	1
540	1
658	4
1608	20	1609	1610	2
1596	1599	12
51	178	144	21	312	1611	856	33	21	1609	297	1612	16
177	359	11	1049	171	1034	196	268	11	50	12	13	1613	33	1614	1615	4
268	4	57	228	10
21	1611	1612	36	877	94	26	747	13	1616	1
79	11
909	177	43	93	21	1168	159	1617	13	21	1612	7
1599	16	312	115	177	1618	369	15
4	750	118	11	737	21	1590	1619	33	507	1588	12	21	1049	1168	6
51	1620	147	46	121	660	1
1621	21
4	39	1596	15	359	11	743	753	1588	1622	15	509	1262	131	33	21	98	1623	170	171	436	6
39	1518	4	291	89	33	4
215	13	1622	1624	15
1559	6	21	310	4	15	291	11	186	1518	171	359	11	12	1625	1
1614	1
14	2
68	1588	17
177	191	63	43	198	1626	189	1614	14	36	1049	21	981	6	1627	33	1588	7
51	127	288	128	375	4	186	5
39	177	57	1628	1629	2
46	4	11
523	77	1630	13	1625	1588	11	12	1049	21	981	3
51	127	288	1
128	5
826	21	1049	1292	36	2
113	1631	6
121	79	113	191	1049	6	5
1627	33	1588	68	1614	2
46	196	7
113	57	12	13	14	6	454	2
39	1049	3
17	21	88	2
46	50	6
4	62	1632	1630	11	1049	1
1260	1
1598	6
794	278	1598	1600	1633	6	1
525	2
1606	1634	1
525	1
11	1
521	1
1097	1
1605	1
1598	1
1602	1
1603	1
1604	1
540	1
658	4
1608	20	1609	1610	12
113	1631	121	747	1635	1636	523	12	21	1637	11	147	1
1638	1
36	6
790	170	1590	192	13	171	2
46	50	7
177	359	11	90	1630	13	21	1
1045	1
1639	2
1606	1634	4
747	1635	888	1640	3
361	1641	305	1
702	1
14	1
505	1
1344	1
307	2
521	1642	1
525	1
11	1
1602	1
1605	1
1606	1
1097	2
1603	1604	1
1598	1
540	1
658	4
1608	20	1609	1610	1
1602	12
51	178	422	198	1643	1626	33	21	1611	297	1612	26	1
1609	1
1644	19
113	525	422	249	198	1645	1626	39	6	5	1646	911	170	21	312	1611	113	536	4	19
51	127	288	128	46	4	43	65	601	68	930	6	21	1612	68	21	908	949	911	6
375	36	21	262	33	1609	25
187	4	659	291	11	1610	555	39	375	36	21	1647	20	209	660	21	122	13	21	1611	15	359	11	12	158	3
1605	39	1606	14
51	1648	6	246	747	1637	42	12	21	606	11	171	297	1612	2
1603	352	1
1602	3
20	7	98	4
1649	1650	1632	1651	2
556	1652	1
76	1
1653	8
11	660	6	21	1654	217	13	15	8
113	57	52	26	777	264	21	1157	1
1655	7
794	278	1655	1656	1657	1658	6	1
525	1
1659	2
1660	6	1
450	3
51	173	11	1
1659	1
1660	1
11	1
1655	1
85	1
1097	1
540	2
215	660	2
1	1655	10
215	745	194	655	11	4	6	21	1344	544	6
39	104	4	20	21	1524	4
113	1661	1077	202	1
700	4
39	121	745	215	4
21	1662	660	331	2
26	1663	2
39	1664	4
215	828	1002	1665	3
225	785	1260	2
1651	1666	1
1652	1
76	1
1247	1
68	2
1659	1667	2
21	1668	3
238	1669	1670	3
1671	585	1672	1
434	7
1673	736	16	62	4	107	51	11
113	359	73	727	1132	11	107	39	828	198	710	3
1674	1675	352	3
385	20	888	6
174	88	16	1676	1677	1678	4
250	1679	21	710	2
16	49	2
164	1680	3
62	4	107	16
62	4	1632	12	1681	170	1093	68	1682	1683	20	21	886	33	21	313	1
104	1
1684	12
345	53	1135	6	1685	794	26	21	570	33	198	193	4
830	39	1686	1687	7
113	43	1135	21	1010	1678	325	12
26	1688	1689	39	43	1690	73	215	1219	11	937	21	1
1691	2
268	1135	10
21	1691	57	43	21	310	1691	1692	268	21	1
202	4
1691	26	955	1693	1
63	20
21	359	11	43	570	239	14	39	1694	57	12	1695	20	1696	872	94	33	21	193	179	16
21	997	829	57	12	198	1697	1698	203	39	1699	26	198	1700	1686	1687	3
21	197	96	7
20	1701	113	872	94	20	1166	6
763	1702	57	359	11	12	5
1135	268	269	268	548	8
1703	121	359	11	12	145	123	861	3
33	1701	113	6
1704	570	239	14	39	1694	2
39	1705	3
570	239	1706	7
164	1686	206	39	272	830	206	2
564	13	9
1616	121	909	1707	206	57	43	570	1632	2
6	230	6
57	937	21	958	1708	206	1
1709	9
113	835	7	1710	1260	1696	1124	937	1711	3
113	525	565	2
4	21	12
98	1260	198	1712	1711	6	246	113	43	821	660	1376	3
313	39	246	7
36	1685	331	102	21	1713	382	4
164	1714	16	1715	1
937	1
39	11
164	688	73	958	11	1716	823	1124	1717	1708	21	1
1168	13
113	415	272	620	62	12	107	13	923	21	237	1718	11	1
1304	1
51	7
127	288	128	375	7	642	123	1
1603	3
238	1258	1093	4
1719	1720	16	747	1
450	2
536	278	1
747	1
11	3
89	747	1721	1
1097	1
540	4
1696	1124	937	831	1
1722	8
164	1723	1721	1724	13	21	1162	1725	13
823	39	21	359	11	1182	1726	1562	1138	20	89	33	1727	3
1124	937	1133	3
1728	33	161	4
198	1696	1124	1729	11
831	1730	617	821	1077	417	21	244	33	571	973	1
1731	1
16	2
1732	975	3
13	171	870	6
571	57	1733	11	1719	1720	1
964	6
1732	975	39	1734	1132	373	9
164	986	26	1260	11	1696	1124	937	831	10
57	1735	376	33	628	949	1077	747	1696	1730	2
13	171	1
870	11
571	57	660	1227	26	89	747	1736	1737	39	1738	10
825	11	1182	121	207	1637	44	1739	1737	1740	8
1515	63	1741	6	21	959	1696	986	7
1330	569	1742	1124	937	831	1743	10
1744	21	1745	33	785	831	1125	234	21	1746	1
16	6
1747	21	1748	33	1749	1750	7
1071	968	20	1124	937	831	1751	7
455	1584	325	20	1567	831	179	13
1752	21	1753	33	198	1696	1562	1138	1654	197	20	937	1133	9
1695	1754	20	520	327	1124	937	831	373	8
39	1077	1755	1756	20	1716	1124	1138	10
207	1737	831	206	57	952	215	244	1733	1757	4
1002	215	823	924	9
39	57	1758	26	571	13	21	1172	976	3
116	1030	1499	6
21	1124	937	831	206	1759	1
1760	2
164	918	6
246	1270	1012	1124	937	1761	5
20	1762	1258	39	1763	6
57	63	1733	990	11	571	11
571	1764	614	870	268	1732	975	33	948	831	20	2
238	1258	8
1733	11	21	1765	373	33	21	1766	4
625	617	821	113	7
614	1270	870	846	948	831	676	4
189	625	937	1124	3
1767	39	1733	3
1124	937	1768	2
1769	1770	1
1172	5
718	39	1771	937	20	3
164	1769	863	1
830	7
948	1772	830	39	1773	1111	830	6
571	617	821	26	747	676	6
115	625	1316	21	1168	268	4
937	13	1696	602	4
1774	11	1316	747	22
571	489	724	871	268	198	1775	1776	39	1777	1273	313	268	198	1021	1778	26	198	1737	1779	1780	1781	3
625	63	355	8
39	937	198	1782	823	20	254	313	12
51	1316	288	13	1012	571	13	171	598	455	870	20	14
1783	617	929	198	727	1784	33	564	288	13	21	1045	6	171	2
13	598	5
1785	617	1717	1071	147	2
1786	1085	7
268	1787	13	21	1710	422	144	23
177	57	1788	198	1789	1566	26	21	911	1785	39	614	206	43	613	148	21	1486	36	125	1412	21	1790	28
113	43	63	634	1783	11	492	97	845	1002	21	1791	206	148	634	1785	39	614	206	68	65	628	1087	11	47	26	21	911	4
492	1792	911	1473	13
39	201	552	21	1566	11	1087	21	763	1793	36	1794	986	5
49	198	773	518	1795	14
21	1796	1008	20	1542	57	552	1566	121	36	1302	1797	39	1798	3
89	21	785	1
1799	2
532	533	1
170	1
1731	1
571	1
536	1
454	1
34	1
525	1
11	1
1800	2
1801	76	1
540	3
1301	6	1802	9
113	1803	121	1783	617	569	171	11	4	4
113	43	175	835	9
164	16	113	57	655	26	614	1104	544	1
571	7
794	278	571	1731	1657	1658	6	1
525	3
1785	164	1804	1
450	1
11	1
1805	1
1097	1
571	1
540	3
1301	6	1802	10
113	291	11	289	4	198	933	1301	6	1802	9
845	745	929	312	29	6	21	1802	1806	2
6	1542	19
177	1135	26	1783	693	39	21	1802	215	206	21	1499	121	177	489	495	121	750	202	1
552	9
268	1234	268	125	21	1111	20	1807	845	38
131	33	21	1808	1499	495	750	21	1809	11	1810	1811	1812	1813	20	248	39	1809	11	1814	1815	514	1015	20	1145	420	750	274	13	198	1566	1816	28	198	1817	33	21	514	6
21	206	660	6	21	202	6
39	1818	21	1566	312	500	3
544	646	845	17
420	495	121	21	327	1566	489	604	1276	1304	26	21	1819	451	39	1820	98	4
246	745	660	1821	13
113	655	11	1783	39	625	657	121	21	750	1822	21	1566	14
625	657	121	1630	489	845	21	1819	312	500	39	951	660	641	7
177	197	97	845	13	21	1793	15
420	123	187	198	1796	171	1542	20	1807	460	140	11	1823	21	1806	24
420	750	197	6	507	97	1824	1807	1796	20	207	1087	242	763	29	49	1825	121	376	15	43	11	1826	1278	25
177	43	637	555	121	177	523	50	1049	748	20	1807	845	30	177	750	1058	121	21	1499	121	177	1690	750	660	3
177	359	1717	9
1789	426	33	845	148	113	57	231	1058	1
1827	4
177	77	21	202	23
1828	1626	33	21	1829	39	231	121	215	57	12	198	727	1111	46	420	62	660	94	21	1108	1814	822	4
96	26	65	601	2
1785	1804	6
113	43	44	1830	98	170	1
1019	3
113	558	254	8
822	601	43	821	1831	121	46	737	5
191	708	13	198	767	4
1832	20	21	1029	1
481	13
21	1301	1833	20	53	1270	1834	62	12	1082	170	1835	11	5
1146	20	198	729	33	3
1836	275	474	1
481	1
113	13
92	550	375	1837	1108	13	21	1834	4	643	12	360	13	1
46	11
4	123	1838	360	13	21	1773	1839	1840	39	602	1
1840	2
20	1841	4
74	123	1707	1842	8
564	1843	1844	33	1559	1108	606	159	4
989	39	1844	1840	8
121	123	1134	911	6	198	1146	1812	2
729	16	1
345	1
797	4
935	121	74	123	5
797	13	21	1834	1270	5
26	1773	39	602	1840	6
770	171	1845	198	225	1846	1
1842	1
1847	13
1848	68	1849	1301	33	21	1773	39	1839	1840	62	175	12	2
1071	1146	21
1019	36	660	6	198	1832	121	523	1071	198	837	1301	11	209	460	13	198	1848	68	1849	1269	2
49	617	8
50	1850	11	115	171	57	12	130	1
982	4
46	97	88	1301	4
28	1146	123	1851	13
215	36	63	548	11	1852	1113	797	6	17	198	88	147	2
164	1074	2
21	729	6
20	171	36	1853	1010	17	3
1836	345	1840	1
481	3
1019	1854	1111	9
1019	1854	36	198	848	430	33	1855	1074	3
73	1856	1250	2
1015	1834	4
602	39	1165	98	1
39	3
1019	1070	121	9
1857	21	908	1858	1859	33	460	98	39	2
98	26	2
1019	98	6
175	171	1075	33	946	39	8
98	1859	1860	62	1747	39	1033	1861	1
1862	5
1863	39	1864	33	7	2
164	993	1
403	2
13	598	15
1019	1854	1744	954	33	1865	1859	278	1071	73	1866	39	1867	1346	11	2
1019	196	4
121	21	908	949	13
1019	98	36	760	1868	11	7	954	39	1301	1002	7	54	4
1019	1854	1015	1834	1
1019	3
1854	36	1869	4
729	1870	1871	170	7
16	460	1113	1806	1872	1848	16	4
16	1872	82	16	5
16	174	98	1859	16	2
16	1108	7
26	97	1837	268	11	7	359	6
171	481	42	1873	12	1874	2
601	822	23
1019	489	601	1260	21	147	33	209	1108	39	1518	747	460	523	12	608	171	98	20	198	716	68	232	16
113	698	121	113	3	50	231	21	1108	523	12	608	990	11	747	460	13
49	121	215	523	12	147	11	1012	1875	121	523	12	368	4
1856	293	487	488	1
989	7
89	902	984	36	1559	1262	171	1
669	8
46	113	43	50	1876	21	1877	1878	3
215	57	12	11
1879	11	90	198	767	669	148	1880	902	62	12	1
1367	10
123	74	1837	1108	1202	121	4	123	360	13	6
1842	15	1881	278	1108	1202	5
1773	1839	1840	39	602	8
1840	1015	984	750	737	268	73	1841	7
375	36	1647	20	359	198	1832	11
1773	1839	1840	39	602	1840	123	175	368	6	163	1
164	1
825	18
198	1882	1716	16	1696	1883	1840	21	1884	33	1387	68	1885	36	368	20	1562	825	1
171	3
1886	1840	1638	10
36	50	1270	368	293	198	1848	68	1849	1269	13
171	191	708	13	598	729	46	177	1279	11	1874	1887	171	5
1840	13	198	1848	1269	12
902	63	1888	1518	21	98	36	11	12	147	20	602	9
1875	68	1124	937	1889	1890	20	1165	1891	2
171	36	8
640	1367	268	21	1108	36	21	310	15
21	642	946	36	121	46	21	1892	36	147	20	602	68	1124	1889	15
1019	57	228	1893	1877	39	1894	6	198	1265	1812	278	21	602	1271	9
46	4	523	77	288	11	959	38	1278	6
51	289	288	198	96	17	2
1	89	1
768	21
113	983	11	1603	21	1895	1896	1860	39	21	1897	193	39	21	193	1898	62	43	6	131	33	1
164	5
831	39	1124	937	1699	6
20	171	1022	113	43	422	2
361	1834	11
205	33	376	552	11	1899	1900	748	21	926	33	1
1763	1
113	1
1901	3
1902	39	1903	6
1899	1900	1904	198	1792	1124	13
39	73	1905	1906	179	62	12	1365	33	198	767	1124	1907	1
51	14
935	121	21	1896	179	617	821	1278	1082	676	21	1908	745	929	1
63	10
177	62	829	6	859	1909	1304	39	944	1124	2
1910	1911	10
62	1904	198	1792	1124	11	198	152	33	1912	3
39	21	1913	7
33	1546	9	617	821	225	1914	3
46	50	1915	15
20	171	1022	198	1916	1073	617	821	570	39	490	11	21	1917	1896	1
246	7
1918	1913	33	1546	9	13	1919	13
20	21	1920	9	73	1921	1922	1923	33	824	1924	745	1495	3
39	26	215	10
647	177	62	430	38	198	1186	96	11	1135	5
16	21	984	983	243	11
16	1278	1082	13	1898	1559	6	21	1010	1925	1898	10
16	193	39	1926	6	198	1696	1927	20	747	9
16	753	11	1278	1082	21	1898	20	747	1
1260	1
1928	1
1523	8
113	1679	11	536	33	171	312	500	6
49	209	1929	11	12	198	5
20	171	1793	96	104	7
794	278	1930	1931	1932	747	6	2
1933	1934	1
11	1
1930	1
1097	1
540	3
1935	792	1699	9
228	422	198	1834	20	53	544	1186	96	10
747	1936	441	21	959	1937	248	325	20	21	4
1936	1149	20	699	3
1938	345	426	12
1939	441	21	959	1937	248	325	20	21	1940	1149	17	4
164	243	20	699	10
1938	345	426	20	21	265	426	33	21	955	4
1941	20	21	312	1
620	13
177	43	1148	33	1942	170	1943	275	21	1944	247	1945	17	16
1946	482	171	1947	1942	170	21	1944	39	215	42	12	1008	1948	278	1949	12
74	42	12	198	1950	1945	1951	13	1952	26	171	1942	17
147	615	1203	123	94	74	1953	1708	1954	68	198	1955	1956	11	1363	171	1699	4
21	508	152	123	6
170	1944	39	11	1957	508	8
51	330	550	171	90	755	59	33	1
1958	2
1268	16	11
268	113	525	50	550	1518	68	50	1959	90	556	6
62	4	51	270	171	1232	6
74	36	198	265	20	951	1
1960	7
794	278	1960	1961	1962	1658	6	1
450	2
1960	1961	1
525	1
11	1
1959	1
1097	1
540	2
1963	845	2
1959	16	13
113	140	44	480	121	74	745	198	1964	1965	6	7	720	11
62	4	51	52	1966	11	1967	198	1963	845	17	8
1585	20	65	1968	171	15	1276	4	3
1411	1260	16	2
1673	1969	3
753	264	1970	4
769	191	12	570	12
769	617	21	1971	1972	49	359	11	90	1717	39	1973	7
726	77	727	327	20	7	1974	8
113	415	272	1975	564	38	21	1082	15
113	947	21	88	4	1976	768	90	288	38	11	1434	268	11	7	12
823	39	189	4	123	13	21	946	33	1695	1124	831	30
113	415	4	495	53	421	147	268	21	1977	36	1978	11	630	268	73	960	33	243	121	359	11	12	145	148	65	1265	123	78	102	8
113	745	815	46	198	421	26	1979	1
1980	1
719	4
39	1981	617	566	4
821	1008	20	369	3
17	121	88	25
113	558	177	359	11	1982	94	198	259	1983	33	753	21	1977	1499	57	12	145	39	753	113	62	785	107	4	1
1260	2
596	89	4
268	4	123	1984	14
14	36	634	89	747	912	11	12	192	13	209	924	176	1224	7
1515	4	123	1315	11	58	1365	19
51	564	13	1616	121	177	57	12	187	198	1404	924	176	1224	11	1985	53	54	569	11
97	98	57	12	368	13	21	763	955	68	196	3
13	21	1986	20
4	123	97	28	1987	11	922	11	21	14	1224	13	598	11	7	1274	26	53	1404	958	6
11	1113	21	14	922	488	2
64	511	1
1988	1
747	1
85	5
7	1916	151	21	202	8
4	147	11	1113	1989	36	7	1017	5
46	4	43	65	601	4
51	127	288	128	1
1260	1
1990	13
113	43	1991	21	45	11	1049	38	39	344	20	1992	117	2
89	21	7
628	332	43	1183	11	1316	13	6
177	57	43	131	739	33	5
1993	11	1994	117	1877	7
1995	117	57	12	602	11	763	3
313	1996	117	1
571	16
113	718	544	121	113	57	12	13	327	442	20	21	1997	421	6	34	1
39	4
46	4	523	77	8
177	191	187	21	373	1263	6	21	14
76	77	11	90	1998	268	198	620	39	1135	249	863	1999	352	1
2000	14
1691	39	228	46	177	62	694	1998	198	1704	1010	1678	2001	20	5
1012	21	1698	2002	1730	4
380	123	21	1499	3
76	77	11	2
1711	1135	3
863	1999	1693	17
2003	39	1873	198	1796	68	1829	319	11	552	189	177	1270	123	13	53	570	12
1270	2000	613	39	1270	961	33	774	569	170	21	1584	1
213	2
2004	352	8
602	1013	68	822	2005	17	171	88	12
942	177	43	694	1998	198	2006	68	1010	1678	197	201	27
164	959	38	26	21	2007	1584	569	39	228	46	171	145	21	2008	2009	1013	121	750	2010	38	17	21	508	2002	2011	1036	1
2012	15
51	430	38	73	236	39	198	2013	421	26	21	730	145	417	1097	7
984	11	1135	21	540	172	984	37
76	77	11	421	1034	39	523	12	57	11	2014	847	46	121	2015	147	13	90	171	1008	21	959	1008	617	821	1096	268	935	1260	2016	21	2017	846	21	763	205	29	7
113	128	121	385	828	13	2018	1
14	1
39	8
1404	57	12	2019	39	124	6	369	2
699	20	3
830	121	426	13
21	1270	197	36	50	11	2016	21	2017	20	699	6	1100	1
699	14
49	11	223	30	21	265	747	124	823	426	11	187	196	113	1
1901	1
454	1
699	4
121	57	660	268	6
282	268	830	708	20	369	4
699	123	50	2020	12
51	808	198	772	142	533	281	2021	21	385	6	369	1
699	12
20	738	2022	2023	11	289	777	830	708	278	863	20	1
699	5
46	74	123	2020	708	4
738	15	1788	198	6
1830	39	2024	2017	6	1100	5
699	26	21	98	121	2
4	1071	10
20	161	121	57	50	2021	39	124	385	6	1
369	1
699	16
4	57	659	359	11	52	738	11	289	777	7	785	1921	33	830	708	11
104	20	7	952	107	13	1071	88	39	1861	98	5
20	21	1721	830	954	8
113	415	121	89	33	4	869	7	1
2025	7
794	278	571	1731	1657	1658	6	1
525	4
747	238	1258	1093	1
170	2
571	1731	1
525	1
11	1
364	1
5	1
2026	2
2027	973	2
1426	1604	1
2028	2
2029	198	1
2029	1
2030	1
1426	2
2031	1521	1
1719	1
972	1
2032	1
177	1
1097	1
2033	1
540	7
1181	1008	20	2017	646	2025	2034	12
51	935	21	959	1008	20	1124	385	1733	646	21	2025	1
2034	10
1698	122	747	262	2035	2036	1165	1767	1124	1733	1
473	9
520	1905	1227	520	2017	2016	20	708	198	1
470	7
2025	1019	1227	1227	2017	50	2016	1
2037	8
2025	1019	520	520	2017	50	2016	700	1
463	8
520	520	520	2017	2016	1621	20	352	1
708	1
2038	7
520	520	520	2017	2016	20	708	1
473	9
520	1905	1227	520	2017	2016	20	708	198	1
470	7
2025	1019	1227	1227	2017	50	2016	1
2037	6
520	520	520	2017	2016	20	2
2039	955	3
134	1008	2040	1
76	2
198	900	11
1284	39	1699	1733	57	12	1788	20	1698	1111	17	3
1227	33	823	2
1019	147	2
2041	352	35
1694	2025	700	2042	39	1124	1751	57	12	13	21	373	6	171	2025	11	1012	830	1133	76	1146	1227	1754	325	121	911	68	2043	11	1124	385	20	12	2044	278	14
450	14	88	6	21	265	823	426	959	21	134	33	21	955	5
21	2017	2016	6	20	4
708	57	12	1830	6
21	1880	2017	20	42	12	2
2016	6	7
1803	121	89	2043	43	821	44	2
556	2045	3
753	123	4	9
113	631	768	317	1793	170	21	1694	2046	1
1455	5
1007	11	2047	236	2048	1
989	9
215	1976	198	1515	11	90	102	21	110	3
11	21	1189	1
63	7
1007	11	15	426	15	2049	2050	1
989	3
21	1189	937	8
2051	2052	121	177	2053	13	21	1189	1
1638	6
113	525	13	21	373	544	10
113	62	12	971	293	707	68	293	979	17	2
58	59	1
456	6
2054	733	481	20	747	800	8
733	2054	981	20	43	821	1334	11	7
105	2054	733	2055	39	2056	2057	10
21	2058	33	116	1612	36	11	1767	39	2059	14
164	668	2054	733	2060	11	2061	21	908	2062	1368	39	2063	113	1
1901	1
1182	3
105	2054	733	5
1007	11	215	1070	1678	5
368	39	668	1255	2064	14
617	821	1334	2055	262	39	36	2052	268	21	265	461	20	747	1
359	1
2056	5
198	2065	1168	11	105	9
617	821	1334	198	981	2066	198	2057	262	5
1007	11	215	1070	1678	5
368	39	1442	729	1832	8
2056	36	2052	268	73	1842	11	105	2
189	368	9
115	4	545	198	2067	13	21	924	1573	5
181	1575	1576	68	1535	6
21	959	1182	2063	123	181	4
1728	33	1368	350	18
1284	2068	2069	2070	2071	16	171	36	375	36	96	2072	68	2073	6	7	230	2074	12
215	1337	21	733	2067	39	344	20	65	2070	11	215	11
2075	16	171	1337	730	39	2076	1412	21	733	2067	5
20	249	105	39	2056	3
21	2077	36	2
345	230	3
345	2078	39	3
20	2076	2070	1
1009	7
116	2077	1531	1728	33	1368	350	23
268	282	268	21	959	981	151	36	569	17	21	88	33	324	39	733	36	797	6	21	1265	733	1612	4
105	16	2056	16	12
11	869	21	2008	1678	33	1070	1515	545	198	2067	170	3
164	621	2079	8
215	36	2052	121	207	800	1079	13	2
164	39	4
164	621	800	1137	5
164	2080	527	1095	39	20
164	2081	1137	123	923	11	1434	21	1265	88	278	1071	1070	1546	268	2082	2083	39	2084	146	12
21	1079	716	20	116	1137	43	821	2085	20	747	800	12
1079	2086	57	12	142	11	21	145	33	747	303	1565	2
1901	2087	15
4	15	63	178	73	1079	45	6	21	747	800	1137	1697	16	2088	1
747	2
85	1175	1
511	1
2088	1
747	11
747	1696	800	937	198	2089	33	1696	2090	2091	36	11
51	11	1180	121	303	1565	357	2087	62	331	585	3
1132	308	82	5
832	33	171	1070	181	3
1263	1821	1268	1
1270	3
39	2092	605	10
1263	357	244	329	39	230	329	2040	11	7	1
1132	4
2093	198	605	82	2
46	359	6
1113	460	1070	236	198	426	3
426	198	29	8
11	99	6	11	303	1565	82	1070	12
2088	617	309	198	103	314	99	6	1347	20	357	2094	3
20	7	271	3
11	1113	215	3
118	11	511	1
800	1
747	3
85	39	1345	5
6	21	357	603	2095	8
2094	26	603	822	1002	21	312	426	4
359	11	96	303	5
1565	460	1070	11	1079	3
21	152	36	12
46	4	43	1302	81	7	230	303	1565	603	13	21	5
303	1565	82	1070	1137	5
51	1345	6	21	202	2
528	7	7
1346	39	1017	147	7	2096	1584	3
151	39	1018	20
4	57	12	793	11	2097	7	303	1565	357	603	11	7	2096	314	278	1345	6	21	202	3
1301	7	82	14
1346	246	1929	6	21	93	2098	721	636	942	4	123	99	13	9
177	415	4	869	147	303	1565	82	1070	5
20	601	68	598	98	4
52	2099	2100	938	15
113	197	11	12	6	427	537	1880	39	6	21	460	838	6	21	4
1515	113	525	94	8
1229	2101	57	12	564	53	1699	646	1
830	8
2102	57	12	13	605	33	951	1683	4
113	525	1058	121	4
951	57	12	1337	8
113	57	12	217	13	41	1542	500	6
21	2055	1459	20	21	460	3
838	808	234	3
628	808	17	1
39	1
16	27
21	1550	114	177	489	36	121	2103	523	58	198	1104	1459	6	171	838	39	113	57	58	198	1104	1459	6	21	302	838	8
1918	6	33	147	11	12	13	21	5
373	20	2013	21	426	17
113	62	63	667	13	20	21	2013	426	6	21	46	177	186	121	36	359	2
11	122	12
272	2055	2104	43	821	11	1752	21	1562	1686	33	21	1
981	8
39	209	2105	729	13	53	1124	385	4
113	43	63	821	6
192	26	21	2106	981	1686	6
2107	2108	617	821	21	1674	5
1755	11	1071	21	1108	6
39	617	89	33	21	98	22
1706	466	36	655	26	2109	2110	33	1150	6	2111	11	90	131	598	2112	39	1750	509	17	171	63	8
113	231	177	43	929	198	2113	1784	8
49	177	187	359	190	558	33	202	1
375	1
164	1
202	5
53	1124	385	123	438	3
26	895	1562	14
2114	53	214	36	11	1033	121	89	33	21	1406	43	821	285	10
39	74	123	87	2115	17	21	134	33	21	1
426	10
113	558	1150	57	688	12	107	13	171	2116	2
281	53	2
421	768	9
113	752	190	36	751	97	1058	13	53	1
1718	13
74	750	198	490	33	696	121	2107	745	118	11	6	508	2
2117	2118	1
1644	15
113	57	12	94	33	41	6	859	1691	89	33	21	29	33	16	2
39	1100	2
39	454	7
113	43	877	789	11	1033	121	6
113	525	13	14	6	1542	2
39	369	6
20	21	265	64	11	21	4
2119	2120	1108	702	5
13	272	2121	763	29	11
113	291	11	661	11	207	33	4	121	113	525	1
368	9
39	57	43	21	2119	2120	1108	26	288	5
46	65	822	667	38	7
121	4	231	113	62	12	107	5
51	52	2122	2123	16	5
39	625	57	90	113	13
113	525	230	2124	73	849	11	4	11	332	13	171	2125	1
1036	10
171	36	198	1030	9	11	12	138	709	39	2
13	137	1
505	11
171	660	1036	36	1559	6	198	2126	1718	96	16	5
215	36	198	225	1741	4
9	121	36	2127	1
2109	10
2128	1806	39	2129	492	13	2130	39	1909	620	2
46	4	10
43	50	842	6	33	21	2131	1712	11	2132	2
4	57	12
1260	171	1036	268	229	170	65	660	1036	4	43	2133	1
1257	10
21	1774	2131	138	13	2134	26	2132	43	2135	4
11	12	225	963	1
982	14
177	43	1023	11	2136	171	2137	6	171	225	1030	39	2090	2138	10
198	1244	152	33	56	170	747	57	12	842	2
4	750	12
350	11	12	6	33	2139	1755	1739	11	332	13	2140	1
2131	13
4	123	12	634	11	332	13	21	174	205	426	26	268	6
773	2141	68	840	268	548	5
21	1011	33	53	708	11
2142	6	207	332	12	2143	1610	39	332	20	21	2
1081	9	1
2144	22
4	57	12	2145	6	13	21	182	11	2146	39	569	53	1775	1907	268	215	36	2147	17	171	1036	1
16	11
171	122	745	1837	350	11	2148	1030	831	2034	164	6
121	7	332	62	12	1363	1
982	2
51	330	10
1055	789	17	21	373	11	2149	7	2141	646	3
116	205	426	7
51	1263	21	422	98	1260	1189	2
1459	98	1
16	2
39	1359	7
1830	98	268	11	1008	39	2150	4
617	63	821	181	7
4	15	244	65	598	601	1013	6
21	9	11	576	2151	17	9
113	415	121	4	57	12	793	11	332	4
51	718	7	2152	10
20	21	205	426	26	2153	2154	17	278	1166	1
315	1
316	6
46	4	123	1453	11	842	7
215	15	12	2155	11	350	1630	3
1683	11	332	20
51	187	50	2124	73	849	11	790	1683	11	58	7	560	30	4	39	113	43	1135	171	14
113	104	4	13	633	20	7	332	39	509	794	11	228	2156	3
2	39	1229	8
113	57	12	17	2157	2158	6	2111	10
113	415	11	12	217	278	171	88	49	4	2
874	128	1
104	1
2103	1
2159	1
525	1
11	1
85	1
1097	1
2103	1
2160	1
2161	1
540	2
2162	1541	2
556	5	6
171	36	7	1541	20	2111	7
51	127	288	128	46	4	43	4
65	601	68	2163	5
509	794	11	421	4	3
104	39	727	1
1603	12
191	4	51	565	288	21	2164	39	198	2165	33	7	6
384	278	21	134	33	544	23
76	77	11	794	555	11	21	954	268	269	268	548	196	121	177	191	330	215	102	21	2166	1186	1137	1
104	1
2167	2
6	2168	2
2169	1603	1
1604	2
85	2170	1
1177	1
1177	1
2167	1
1177	1
1177	10
113	523	12	360	13	842	39	776	198	384	1
1177	1
1177	14
171	523	12	63	198	727	1203	20	249	33	147	11	421	1177	7
39	1135	21	197	20	2171	2172	1
1177	1
1177	1
1603	1
1177	1
1177	1
1177	3
2167	2173	1175	1
2174	1
6	1
525	1
1177	1
1177	1
11	3
1603	1287	1175	1
1603	1
1604	1
1177	1
1097	3
2167	2173	1175	1
2174	1
1177	1
540	6
98	105	1186	17	586	587	1
1177	1
1177	1
1177	1
1177	2
556	1603	1
1177	1
1177	12
126	12	954	198	1036	17	21	98	105	421	13	586	1
1177	2
587	806	1
511	1
83	1
98	4
512	2175	2176	6	1
1177	9
1896	451	2177	13	2178	1165	68	1773	1687	1
1177	1
1718	11
316	140	815	46	4	68	131	452	33	7	1120	1
1177	9
620	523	12	360	13	776	198	384	74	3
51	127	288	1
1177	1
128	1
104	1
1177	1
1177	2
785	1279	1
1177	1
1177	1
2167	1
1177	1
1177	1
2173	1
1177	2
1274	1649	1
1177	3
2179	33	2180	1
1177	4
2181	2182	33	2183	1
1177	1
1177	2
373	1344	1
1177	1
2174	1
1660	1
1177	2
434	1347	1
511	1
83	1
2180	1
2174	1
1177	1
1177	1
1177	1
1177	1
1177	1
1177	1
1177	1
2184	5
658	847	706	16	2185	1
571	1
450	1
11	3
2186	2187	747	1
1097	1
540	1
658	2
129	2188	4
129	36	198	727	2
2189	150	1
769	4
92	911	21	1090	4
49	769	36	2190	6
264	90	198	2191	1784	929	6
113	230	77	129	198	788	16
39	525	225	360	13	770	550	121	769	36	13	21	60	870	20	777	1
556	8
2192	617	2193	13	215	908	254	382	5
769	745	198	937	1821	26
39	177	2194	877	21	1889	11	2195	777	268	198	1676	1677	13	462	11	1355	21	2196	6	777	13	556	870	17	660	29
769	359	11	12	793	11	808	660	17	198	225	1022	236	207	426	13	462	11	2197	198	2198	826	36	26	556	2192	1515	769	660	25
113	877	198	2199	1850	11	777	11	330	550	121	556	660	1945	523	1918	198	1022	39	1913	134	11	556	660	426	18
39	268	282	268	769	36	13	272	620	113	57	230	330	550	121	660	20	777	23
113	523	415	20	777	121	46	769	1141	743	198	911	121	198	327	2200	523	12	793	11	187	21	310	5
2201	52	288	264	129	17
97	170	21	2202	33	634	288	375	1897	215	523	43	6	248	46	769	2203	6
113	547	121	2204	523	12	5
767	793	11	145	121	17
113	3	1620	2201	121	21	2205	33	2206	1265	617	821	198	953	20	248	718	5
39	113	525	550	121	6
420	123	50	282	6	730	8
113	1803	121	2201	36	959	38	26	1
2204	1
571	5
2186	2187	16	747	569	1
450	1
11	1
571	1
1097	1
540	2
129	2188	6
375	187	4	558	33	777	3
2201	547	777	6
113	380	769	617	131	710	9
316	111	722	68	2207	16	140	2208	178	9
51	197	6	842	73	2209	421	544	17	2
13	702	5
1585	20	21	792	480	6
46	4	62	50	330	215	5
51	90	26	1706	466	3
1805	2210	68	4
1981	196	177	62	3
564	4	98	1
104	6
21	763	421	617	911	122	5
51	5	7	2211	20	1
561	1
139	1
17	3
164	2212	17	1
450	1
104	5
268	4	89	123	1984	38
74	36	198	2213	1984	2214	21	1168	33	21	359	20	1695	1696	830	1138	1370	39	570	198	946	278	246	177	57	1454	39	1122	6	198	2215	1812	53	963	17	2061	376	1370	14
113	43	821	634	278	571	11	58	21	1219	6	421	171	1786	5
20	21	312	254	29	22
113	43	821	192	13	73	1824	1263	33	21	1694	373	1138	39	1754	20	209	248	39	1145	830	823	15
177	43	147	21	178	33	171	1263	11	242	570	73	2216	33	1138	3
1370	39	1716	5
2137	20	21	1694	373	12
13	462	11	660	245	53	214	33	570	1696	830	1370	2
1708	747	30
177	359	11	492	21	310	1138	39	1370	2216	20	21	14	248	39	1145	823	177	57	2216	1696	1111	39	628	863	1698	17	198	1104	122	16
113	57	12	13	14	1100	39	454	33	763	29	11	107	1747	171	946	7
113	43	1008	198	421	763	463	2
15	170	1
16	3
13	2217	196	6
121	177	15	1263	53	1138	6
2147	21	1370	33	421	376	11
1138	325	39	2216	21	1124	944	26	376	1138	50	2
831	1810	3
148	121	421	16
113	523	77	20	89	33	4	11	570	20	7	1538	1730	986	21	959	12
16	198	172	33	89	1138	7	620	36	986	20	113	1
1901	1
1771	3
1076	123	88	14
16	198	2218	1370	121	57	1033	207	1138	36	12	2219	11	215	3
453	1858	113	1
1901	8
1771	36	1076	1002	426	33	508	122	3
26	2220	935	11
16	198	2221	1716	11	1918	492	1122	33	207	1370	1
113	1
1901	14
16	33	1771	1076	1002	426	16	198	1817	33	1270	1860	11	2019	4
1454	39	1733	207	2
1716	113	1
1901	29
1866	198	1521	553	1733	113	523	2222	4	11	12	268	308	268	548	13	172	7	1138	1730	39	11	2223	1085	170	7	937	39	1219	24
198	788	33	660	617	1302	821	929	11	2224	171	98	196	113	523	415	88	325	20	171	57	50	12	1824	6
113	43	422	198	2225	11	7
12	993	26	21	98	1135	984	29
113	43	63	422	198	1010	1678	1290	33	2218	248	39	1145	1370	11	147	198	2226	49	215	36	2227	50	39	42	12	1643	268	1055	3
268	1135	984	15
177	57	1263	21	1138	39	1370	172	20	207	1730	620	13	21	463	6
421	39	63	2216	21	1124	4
944	26	207	1138	20
113	523	77	11	2061	2228	6	248	39	1145	831	1370	20	14	278	21	134	33	21	421	3
127	288	128	10
46	4	43	65	601	68	930	1260	171	946	3
113	509	794	9
738	62	430	38	198	1186	96	26	1981	5
1602	2229	39	1655	1656	2
11	1135	4
21	1674	481	920	4
272	1274	2230	2231	2
57	12	4
554	11	107	777	1
1603	3
747	988	937	1
170	2
2232	2233	1
525	1
11	2
1603	1604	1
1097	1
540	6
2234	2235	98	6	1674	481	2
1603	16	3
345	272	2236	19
21	959	36	21	533	113	44	170	738	2237	264	21	2234	2235	769	36	374	11	45	6
51	127	288	128	46	4	6
523	12	793	11	107	777	1
104	1
2232	1
2238	7
794	278	2232	2233	1657	1658	6	1
525	1
202	2
2239	315	1
1175	1
2240	1
6	1
450	1
11	1
2232	1
1097	1
540	1
596	2
556	2232	15
113	43	821	2241	13	564	38	26	4	39	127	4	128	375	36	2
118	6	7
13	272	773	1090	380	17	2234	3
13	628	1261	10
820	17	2234	617	288	225	1547	17	21	746	3
113	525	1187	3
198	174	1945	7
181	2242	1889	39	525	107	2243	4
2244	892	198	327	4
2235	96	633	1686	7
246	57	12	608	13	21	154	16
198	260	1365	33	21	829	33	171	2235	36	118	11	12	6	1674	481	3
246	36	195	1
2245	7
39	268	2246	268	272	2003	36	7
113	523	77	11	634	4	198	2
601	2062	5
20	1891	33	171	2235	9
187	4	558	215	523	12	548	11	1887	2
131	33	5
164	642	6	1674	481	3
113	745	558	2
20	1841	2
121	198	10
1875	523	12	2247	11	181	13	21	648	2086	1
33	1
218	12
1941	33	21	152	68	159	359	12	1674	175	21	2248	1
379	10
127	288	128	375	4	558	33	121	826	128	5
747	643	604	77	21	2
232	2249	3
89	21	785	13
104	20	1183	11	404	268	21	940	56	20	21	944	39	1
943	11
21	940	20	21	2250	2251	57	12	138	6	537	11
2252	2253	39	113	57	2254	73	98	1036	6	369	2
139	17	1
198	1
316	3
13	1186	702	23
177	57	1071	98	1260	21	946	20	21	940	39	198	172	33	21	944	68	943	121	4	57	12	56	9
51	127	288	128	1518	4	57	842	293	3
68	17	2255	4
268	269	268	548	15
46	4	359	11	842	293	1186	96	51	58	935	33	21	959	98	3
2256	13	152	2
1562	1113	2
332	1566	7
113	43	140	146	11	21	373	6
39	525	770	215	275	272	1
2257	4
215	428	121	2258	7
85	36	21	1013	33	171	1710	2
113	525	8
50	38	11	1434	6	171	2259	958	3
113	547	171	4
113	523	547	198	4
1186	96	11	1135	9
113	523	63	77	20	2260	11	12	74	11
196	46	4	1071	288	198	159	33	7	2260	52	4
126	330	550	420	2
123	181	4
63	51	1071	73	2
164	159	1
39	3
126	43	2122	3
1008	21	96	3
13	21	1986	15
126	655	26	21	2258	730	380	11	90	38	11	1434	6	209	197	3
104	20	21	2
2028	2261	1
525	1
11	2
2262	2263	1
1097	1
656	1
540	1
658	2
2264	1750	1
2262	7
62	177	43	198	933	2265	264	7
315	1750	13	1185	662	2266	57	11
13	792	1540	113	525	2267	11	332	13	65	1832	1
1260	1
2028	7
794	278	2028	2261	2268	1658	6	2
747	1185	1
170	4
2269	2270	16	747	1
11	1
2028	1
1097	1
540	1
658	2
2264	1750	11
17	21	421	113	745	637	29	11	198	955	94	16
113	558	420	523	77	11	242	2271	39	640	2272	846	380	26	121	2058	3
49	420	659	3
43	131	2004	16
1590	39	2114	217	373	696	11	739	94	196	2273	268	269	268	1775	548	6
420	2274	217	11	14	544	21
196	113	2196	11	813	97	308	13	198	490	33	426	281	420	2275	887	131	2004	39	1590	822	3
13	21	1986	16
177	359	11	90	26	2262	39	614	620	11	739	94	21	217	373	308	4
268	269	268	548	3
268	4	128	5
1696	1111	36	1270	175	9
1012	1773	1698	345	955	718	39	2276	275	1
2277	1
1260	1
2269	1
2028	1
11	1
2269	1
1097	1
540	2
2264	1750	6
745	74	198	32	20	242	7
794	278	2028	2261	2268	1658	6	3
747	988	352	3
1698	1750	1093	1
170	2
571	1731	1
11	1
2028	1
1097	1
540	2
2264	1750	4
104	20	21	96	8
2262	2278	36	21	831	1138	20	2264	10
2262	39	2204	13	209	870	846	2264	39	2266	1
1538	2
123	249	4
244	1733	33	1306	15
16	2262	36	94	33	21	25	275	21	134	33	171	29	6	427	5
109	1185	26	614	574	6
46	74	36	198	359	11	5
145	171	822	171	29	10
127	288	128	39	113	62	242	887	121	259	3
30	2262	146	3
127	288	128	10
113	3	813	73	2279	2280	171	29	121	2258	4
85	36	430	11	6
118	413	13	1694	1002	426	10
113	525	374	11	178	94	46	121	36	416	3
46	215	36	27
215	523	12	198	2281	33	198	1775	1889	13	14	11	187	196	171	48	537	1291	127	790	13	21	2282	39	217	373	128	16
177	489	11	2283	11	430	38	73	2284	11	1012	121	13	198	260	2285	2
50	2286	8
113	415	121	2287	617	50	2281	2288	15
127	288	128	46	4	177	2289	21	96	57	312	27	28	6	236	1
91	3
21	96	36	4
1563	2256	13	152	4
1562	2256	13	152	1
2290	1
136	2
5	2291	13
380	36	21	1733	6	375	21	2292	2293	57	640	2218	26	3
1260	11	2292	3
126	655	706	1
104	8
794	278	2294	2295	2296	2297	147	6	1
450	1
202	1
798	2
2298	1604	1
202	1
1175	1
6	1
450	1
1097	1
540	3
2292	2293	1036	5
1673	2299	11	21	648	1
1604	17
2300	36	118	11	78	556	355	462	658	2292	1008	221	715	191	50	971	1612	22
769	57	822	796	462	121	96	20	2301	33	89	796	2292	11	12	630	6	2302	39	381	278	464	6
281	464	2208	2303	62	12	3
2304	30	537	9
170	1068	11	799	2305	2292	36	11	12	1
993	16
74	57	12	2306	955	923	20	2307	11	58	2308	39	628	955	20	2309	4
2310	90	97	955	1
984	12
36	2311	268	2312	2300	745	659	558	264	1880	122	989	13
908	360	1365	2272	17	134	33	426	115	2312	655	11	715	1
1621	14
2312	291	11	128	375	215	523	58	11	90	620	11	1135	2276	21
237	2228	745	121	2309	291	2307	11	12	694	11	209	2313	6	2314	822	39	1071	1812	20	2070	1
114	15
36	121	2312	57	2254	262	2175	6	2302	39	57	1245	121	114	26	2
21	2307	35
2114	113	558	74	36	198	727	1393	747	57	12	94	33	215	278	201	221	113	558	21	2307	36	225	2315	11	2316	65	606	57	2317	2318	887	26	21	2319	3
6	312	696	5
2320	745	2321	288	2322	5
164	329	33	1567	33	1
2323	2
2324	729	11
113	657	113	523	270	556	613	6	11	113	525	6
727	347	26	2276	1135	706	1
935	10
21	98	2325	13	171	707	533	36	2326	175	9
20	147	33	21	1739	68	1637	159	984	3
46	21	2327	8
33	171	533	36	50	21	2326	1171	4
68	21	912	68	9
2328	986	11	2329	215	11	21	2326	1171	1
4	6
123	2330	1211	121	65	2331	2
1096	68	7
856	33	171	569	36	2332	2333	2
46	4	6
43	44	171	569	13	1965	2
51	2334	4
2335	147	278	979	12
39	2336	21	532	113	523	77	11	565	21	959	11	2
164	2337	3
375	187	4	1
558	9
272	243	123	50	990	986	11	21	1774	22
49	113	558	171	289	147	198	2338	11	2339	198	1699	121	4	39	113	43	1135	49	874	604	2339	1
1706	1
1605	8
113	525	198	773	317	381	7	422	15
2340	2341	2219	26	2028	2342	13	21	265	2013	33	13	556	834	268	8
966	20	2343	39	13	21	2344	33	3
164	796	1612	1
39	3
164	2345	1612	1
121	6
164	966	523	50	2346	11	2
68	147	1
20	17
2347	812	2348	170	2341	13	21	421	246	421	2343	2349	58	560	2350	11	21	2
796	1612	1
16	9
13	244	1613	33	21	796	39	2345	1612	2
2351	2352	11
2353	2346	21	2341	2342	421	6	21	1181	797	13	1
164	11
714	39	2354	2339	1533	13	21	714	121	2340	489	4
2355	877	11	2028	7
164	2356	2339	264	375	2340	657	4
750	13	2208	2357	6
49	121	36	2358	21	243	5
16	30	2351	877	614	1
2359	12
1941	33	21	2309	745	79	1984	121	21	421	489	755	1
560	1
331	4
268	198	708	33	2
164	2359	24
13	198	2360	33	176	21	628	2309	43	1711	2361	39	98	2292	2362	747	39	123	180	1187	1699	2363	11	747	4
747	2326	11	2254	13
2343	986	20	89	2070	2364	94	33	215	2365	33	215	796	3
1612	26	747	1
181	5
164	1239	1723	2366	716	4
13	21	2128	2367	1
1177	1
1177	1
1177	1
202	1
1177	1
1177	1
1177	12
1706	113	525	507	198	773	2368	669	21	2369	1573	13	4
7	205	2281	144	6
26	1260	11	21	2341	714	1
654	2
33	21	8
2172	1612	2370	1292	2343	11	2371	98	12
1887	170	1658	11	1845	2303	68	79	268	2372	13	714	6
26	1260	11	53	1119	1111	1
654	2
91	1837	11
1292	147	11	1071	1119	68	98	1887	170	1658	13	4
173	11	2292	613	1
2373	25
177	128	33	87	128	2374	2375	1786	121	523	43	1918	147	11	1593	65	33	21	2376	177	43	1788	13	986	11	2
164	2377	2
53	1111	3
13	986	11	5
164	2377	36	1239	993	1
46	6
281	4	43	1263	121	1111	23
4	952	11	752	121	177	123	13	1965	26	1260	11	21	2343	1658	1612	68	21	2374	1594	33	53	1111	8
289	288	198	96	39	177	1135	215	2
104	1706	2
532	533	1
170	2
85	534	2
535	536	1
1100	1
34	1
450	1
11	2
85	540	5
7	1111	33	2378	1128	11
171	1111	33	1119	485	1234	2379	812	325	278	21	1
1119	2
613	1901	1
2380	9
73	170	288	11	2351	744	20	2381	614	10
159	39	1613	21	2382	2063	33	21	1612	239	3
2343	39	747	2
1706	2383	4
2384	2385	2386	352	2
2387	2388	1
1344	1
307	2
85	532	1
533	1
170	2
85	534	2
535	536	1
1100	1
34	1
450	1
11	2
85	540	3
7	986	11	2
164	1026	3
613	20	1128	5
113	140	1263	171	2389	7
148	4	1788	65	1128	986	11	2
613	87	9
113	523	77	21	1203	11	1263	21	1128	11
177	752	121	2343	2365	215	1612	26	747	115	2351	5
2346	13	21	2390	33	8
164	714	121	2028	2342	489	2219	26	5
2341	39	1278	2346	2391	5
177	752	2392	33	21	1
2393	3
33	121	421	12
177	523	415	121	2343	36	50	6	21	2394	33	198	1
1278	1
2365	2
1706	2383	4
2384	2385	2386	352	2
2387	2388	1
1344	1
307	1
85	4
2384	2385	2386	352	2
2387	2388	3
2366	17	2395	1
83	1
2396	4
85	2397	277	2398	1
1052	2
1465	1466	1
1608	1
2399	1
307	1
2400	2
2401	352	1
2402	3
1762	2403	2404	1
517	2
1465	1466	1
2405	1
315	1
2263	1
171	4
39	65	422	2406	3
36	2326	175	9
20	147	278	21	159	1537	39	15	2325	6
2004	2375	39	68	2382	98	2
46	4	7
123	50	21	2326	1171	33	171	2
4	123	5
2330	1211	121	65	2331	2
1096	68	3
856	33	171	4
39	65	422	2406	1
36	2
2332	2333	6
46	4	43	44	171	13	1
1965	7
51	2334	2335	288	278	979	39	9
2407	2408	21	532	39	65	856	33	171	1
533	2
215	422	4
39	65	2409	2410	2
104	4	1
2298	24
316	118	11	794	11	4	39	972	198	600	707	949	765	278	21	1704	2324	620	13	246	73	960	33	21	1
164	9
2070	2411	36	2412	39	114	2413	264	215	1
128	1
658	4
2414	26	628	1261	8
46	74	36	65	1393	4	191	1263	5
555	2166	555	94	352	11
1263	39	289	288	198	96	196	121	177	62	1135	1
76	3
1281	947	215	35
21	1817	33	375	21	2324	620	36	2289	1929	11	12	1717	26	375	21	2415	637	147	13	6	33	53	1905	1186	96	264	753	215	745	2019	2070	13	53	648	22
76	77	11	128	46	4	1183	68	46	74	123	229	13	375	53	354	1612	718	2416	2070	2063	1071	2
113	523	7
63	77	11	1263	21	2417	121	4
250	2418	13	2419	1
148	1
46	14
76	77	11	1008	198	430	88	11	655	846	21	763	600	426	1
164	1
663	7
127	288	128	375	660	20	4	8
231	232	11	96	288	17	65	88	4
39	177	62	1135	1
104	8
794	278	2294	2295	2296	2297	147	6	1
450	1
202	1
2320	1
1175	1
2420	1
6	1
525	1
1097	1
202	1
2421	1
1175	1
2421	1
202	1
2422	1
1175	1
2422	1
202	1
2422	1
1175	1
2422	1
202	1
1436	1
1175	1
1436	1
202	2
2423	198	2
2424	2425	1
1175	1
202	1
2426	1
1175	1
2426	1
202	1
2427	1
1175	1
2427	1
540	2
2428	2367	1
2429	3
2404	39	2430	2
1743	944	2
2420	1019	1
2320	1
1344	1
2420	1
85	4
1704	2324	2375	569	1
1166	1
658	1
2428	3
164	2070	2431	2
1	966	2
507	1263	6
164	707	39	655	26	777	5
113	661	272	585	121	6
2432	617	1878	1994	753	21	7
2433	2366	123	118	11	928	38	1
39	2
2434	121	6
164	1809	11	492	36	2435	23
1515	113	2436	121	21	2411	1219	11	73	2437	708	159	121	2428	191	2438	2365	21	981	39	659	1076	2070	4
215	15	12	121	1
177	15
359	73	2305	11	2439	21	2440	2063	33	21	981	11	2015	147	13	2
53	986	8
215	523	12	360	11	128	375	53	4
558	264	171	2411	7
68	375	2441	367	558	33	215	2
20	1841	5
62	2428	2434	121	2442	6
826	2443	2444	2445	1744	202	3
11	1008	68	11
2329	1145	115	420	2218	11	952	11	1008	2329	942	4
2445	1744	745	445	1
2446	5
523	198	830	2305	2447	7
21	2440	2063	1712	11	507	198	3
164	492	202	14
278	2428	11	12	1244	11	2448	189	2428	39	21	2442	750	202	1
385	1
68	11
2428	745	180	770	2449	1533	11	21	2442	121	1172	3
745	50	2196	2
65	642	1
1260	2
2420	1019	1
2320	1
2425	1
2429	3
2404	39	2430	1
164	2
2450	2404	1
517	1
2451	1
2452	1
1344	1
307	1
707	1
2420	1
85	1
1175	1
2453	1
2420	6
171	533	36	2375	39	2382	1
2454	1
480	9
21	98	2325	13	171	1867	142	1326	36	3
2326	278	2429	27
2404	39	2430	20	21	147	33	21	159	1739	68	1637	11	246	215	36	244	39	15	2325	98	121	36	2375	68	180	2382	6
215	36	50	2326	20	1326	1
11	3
68	2455	278	17
790	628	28	21	159	2456	68	198	230	1292	11	2329	215	11	21	159	2456	5
215	42	50	12	2457	6
68	794	11	65	2458	230	5
46	4	43	44	171	5
1867	142	1326	13	1965	6
51	2408	215	170	7	179	5
1291	856	68	794	215	14
39	2335	21	2459	33	21	1965	278	157	707	68	278	96	2429	4
2404	39	2430	17	1
1076	8
196	121	53	145	797	62	12	158	1
1020	3
228	422	1834	1
700	1
2460	1
202	1
1960	1
1175	1
202	2
798	2461	1
1175	1
202	2
1605	2462	1
1175	1
202	2
1979	1521	1
2463	1
1175	1
202	1
76	1
1327	1
1175	1
202	2
1436	2464	1
1175	1
202	2
2465	198	1
1175	1
202	2
2298	1604	1
1175	1
202	2
2466	164	1
2467	1
1175	1
202	1
1604	2
5	2468	1
1175	1
202	3
2469	2470	2425	1
1175	1
202	1
2471	1
1175	1
2471	1
202	1
1426	1
1175	1
1426	1
202	1
5	1
1175	1
202	1
5	1
1175	1
202	2
2294	2295	1
1175	1
2294	1
202	2
2472	1604	1
2473	1
1175	1
202	2
2028	2474	1
1175	1
2028	1
202	2
816	2475	1
1175	1
202	2
972	2263	1
2476	1
1175	1
202	2
972	2477	1
1175	1
202	3
2478	316	2479	1
1175	1
202	2
2480	1019	2
2481	2425	1
1175	1
202	2
2482	2483	1
1175	1
202	1
2484	1
1175	1
1706	1
202	2
2485	316	2
2486	2425	1
1175	1
202	2
1801	76	1
2487	1
1175	1
202	1
2432	1
1175	1
2432	1
935	10
21	98	2325	13	171	707	533	36	2326	175	9
20	147	33	21	1739	68	1637	159	984	3
46	21	2327	8
33	171	533	36	50	21	2326	1171	4
68	21	912	68	9
2328	986	11	2329	215	11	21	2326	1171	1
4	6
123	2330	1211	121	65	2331	2
1096	68	7
856	33	171	569	36	2332	2333	2
46	4	6
43	44	171	569	13	1965	2
51	2334	4
2335	147	278	979	4
39	2336	21	532	1
533	2
104	4	1
768	11
747	882	198	1754	2093	26	1953	846	2488	1937	248	12
53	2276	1918	1953	11	2129	215	481	11	2489	21	1329	6
2490	209	505	2491	39	2124	6
164	60	11	2492	30	139	15
177	971	171	2276	268	1365	33	53	958	11	108	747	94	33	1885	8
1515	177	523	77	11	564	2488	1937	4
177	659	43	131	3
255	33	216	11
2493	2494	1329	268	198	1559	11	1822	53	2495	823	20
21	2276	1071	21	785	1203	11	2496	21	1329	822	2497	39	1874	53	2498	2070	2434	2362	1953	18
215	63	1918	147	11	2148	21	225	1239	729	39	2141	170	2499	2367	13	1573	2500	15
177	291	11	228	198	1699	182	20	21	912	660	26	2488	1937	248	21
144	36	198	856	33	198	533	170	1946	2501	1278	698	171	1889	11	21	912	33	747	1359	1070	1
932	3
1	2502	2503	2
6	1542	6
747	78	102	198	2276	846	12
164	2129	33	215	481	11	2489	21	2488	1937	248	1329	23
21	2276	1918	1953	11	2129	21	481	39	1803	2504	1138	33	21	1329	1515	747	1874	215	2070	2434	2362	1953	3
13	171	1538	2
747	1093	25
617	2505	2506	21	1239	729	39	2507	121	2367	171	756	822	523	1077	20	21	1168	39	21	912	33	2488	1937	248	1
2508	2
747	1093	17
617	186	50	11	2509	2504	756	39	1918	21	2510	33	2488	1937	248	11	1953	9
1515	21	2007	822	2511	215	182	123	2496	8
21	1168	617	2512	121	26	171	2276	10
747	42	12	793	11	2496	21	822	97	2497	19
268	379	268	2148	21	2004	729	2513	39	2141	11	21	823	170	2499	2367	13	1573	2500	6
20	21	2488	1937	248	912	22
113	752	171	1889	42	1918	555	11	2514	2002	33	21	2093	39	829	6	21	2515	33	828	198	2516	2
963	823	21
321	2334	177	57	12	660	11	2061	198	2517	2518	39	11	2519	21	2155	1750	11	1744	952	216	8
2520	39	1591	831	33	2488	1937	248	8
846	895	313	177	43	828	1010	1011	7
729	2521	39	2493	823	13	2502	5
564	38	21	727	660	14
113	57	127	4	128	115	113	813	188	1260	116	1075	33	981	7
794	278	2522	2253	1657	1658	6	1
450	4
2523	2524	16	747	1
450	1
11	1
2522	1
1097	1
540	5
509	20	131	2525	981	7
794	278	2523	2524	1093	747	6	1
450	4
2526	1408	16	1633	1
450	1
11	2
1598	2527	1
2523	1
1596	1
1097	1
540	5
509	20	131	2525	981	2
2523	16	5
278	856	33	171	533	18
113	43	634	1598	2527	404	237	966	20	747	1635	11	107	161	116	981	20	4	5
127	288	128	46	4	3
359	812	1683	1
104	6
794	278	2526	1408	1633	6	1
450	4
2523	2524	16	747	1
450	1
11	1
1596	1
2526	1
1097	1
540	5
509	20	131	2525	981	1
2528	12
113	745	637	121	249	33	4	660	6	21	2529	1691	5
196	113	525	2530	121	4
4	62	1274	288	5
268	21	533	144	1573	5
113	525	374	11	178	7
981	121	123	1712	11	171	1691	5
51	228	144	20	308	11
46	215	745	198	2531	11	565	171	533	11	4	4
51	794	11	21	2
158	1739	2
104	4	1
2523	7
794	278	2523	2524	1093	747	6	1
450	1
2522	1
450	1
11	1
2523	1
1097	1
540	5
509	20	131	2525	981	12
62	4	374	11	161	198	856	33	171	981	20	288	7
794	278	2522	2253	1657	1658	6	1
450	2
576	2151	1
450	1
11	1
2522	1
1097	1
540	5
509	20	131	2525	981	7
571	39	2441	2532	96	171	2533	17
177	57	12	430	38	198	327	1124	385	11	937	2525	1699	6	198	1721	1812	1
2534	1
74	7
123	254	981	170	21	754	1901	1
113	6
1637	1712	11	1635	20	2525	6
420	15	1015	2529	1145	1691	2
2535	937	2
2535	1322	1
2536	1
1322	9
2441	2537	359	11	90	2457	33	116	981	31
62	4	634	234	26	131	33	21	52	4	877	6	7	1635	838	11	228	46	4	62	178	177	43	2329	198	856	33	2525	981	11	2441	2
164	373	1
2538	10
6	36	239	2539	2540	248	2541	1168	1244	352	1
2529	13
1145	1168	39	21	628	36	239	2529	1145	1168	39	2542	2525	1
1284	1
1284	1
700	23
113	669	21	2543	2004	620	1706	2544	36	1270	660	6	198	735	981	49	215	36	50	964	17	171	88	2
769	617	11
1648	121	769	57	794	198	856	115	215	36	993	7
794	278	2522	2253	1657	1658	6	1
450	2
2522	2253	1
450	1
11	1
571	1
2441	1
576	1
1097	1
540	5
509	20	131	2525	981	14
113	57	127	4	128	115	113	813	188	1260	116	1075	33	981	7
794	278	2522	2253	1657	1658	6	1
450	4
2523	2524	16	747	1
450	1
11	1
2522	1
1097	1
540	5
509	20	131	2525	981	7
794	278	2523	2524	1093	747	6	1
450	4
2526	1408	16	1633	1
450	1
11	2
1598	2527	1
2523	1
1596	1
1097	1
540	5
509	20	131	2525	981	2
2523	16	5
278	856	33	171	533	18
113	43	634	1598	2527	404	237	966	20	747	1635	11	107	161	116	981	20	4	5
127	288	128	46	4	3
359	812	1683	1
104	6
794	278	2526	1408	1633	6	1
450	4
2523	2524	16	747	1
450	1
11	1
1596	1
2526	1
1097	1
540	5
509	20	131	2525	981	1
2528	12
113	745	637	121	249	33	4	660	6	21	2529	1691	5
196	113	525	2530	121	4
4	62	1274	288	5
268	21	533	144	1573	5
113	525	374	11	178	7
981	121	123	1712	11	171	1691	5
51	228	144	20	308	11
46	215	745	198	2531	11	565	171	533	11	4	4
51	794	11	21	2
158	1739	2
104	4	1
2523	7
794	278	2523	2524	1093	747	6	1
450	1
2522	1
450	1
11	1
2523	1
1097	1
540	5
509	20	131	2525	981	12
62	4	374	11	161	198	856	33	171	981	20	288	7
794	278	2522	2253	1657	1658	6	1
450	2
576	2151	1
450	1
11	1
2522	1
1097	1
540	5
509	20	131	2525	981	7
571	39	2441	2532	96	171	2533	17
177	57	12	430	38	198	327	1124	385	11	937	2525	1699	6	198	1721	1812	1
2534	1
74	7
123	254	981	170	21	754	1901	1
113	6
1637	1712	11	1635	20	2525	6
420	15	1015	2529	1145	1691	2
2535	937	2
2535	1322	1
2536	1
1322	9
2441	2537	359	11	90	2457	33	116	981	21
62	4	634	234	26	131	33	21	52	4	877	6	7	1635	838	11	228	46	4	62	178	