5015
1
509	7
543	117	284	510	5057	96	3395	2
86	248	2
302	5058	2
27	1091	2
1226	945	2
1272	3440	5
1377	955	2475	113	34	4
1331	14	636	945	3
3351	509	3395	3
5	2860	54	1
256	1
57	1
5059	5
197	5059	5060	4992	39	6
265	556	6	630	486	3351	2
86	248	3
509	590	5061	3
5062	5063	5064	2
341	591	3
5065	5066	3763	4
5067	5068	5064	139	3
5069	5070	13	3
4699	1195	637	3
295	2369	637	3
152	5071	910	2
15	248	3
3962	5072	5064	3
785	5073	637	3
5074	5075	5076	1
139	3
4470	2748	5077	3
219	1283	637	3
1024	5078	5079	3
4551	5080	5079	3
1744	2500	23	3
1195	5081	3763	3
3894	54	5064	2
1034	1474	2
5082	637	3
1005	5083	5064	3
5084	5085	23	3
1193	3578	3763	4
5065	5086	13	139	1
248	3
5087	208	3763	3
5088	5089	23	3
5090	3135	910	3
1718	5091	1676	4
5092	235	23	139	3
3408	5093	23	3
1455	5094	637	4
5095	1485	1676	139	3
5096	5097	3763	4
752	5098	1534	139	3
1386	5099	637	3
5100	5101	5064	3
3814	5102	5064	3
2779	5103	637	3
5104	5105	23	3
1033	5106	5064	3
3160	5107	5108	3
1478	2878	13	3
4704	5109	5064	4
4442	5110	23	139	3
2549	5111	23	3
5112	5113	23	4
509	5114	910	139	5
2973	5115	910	1111	139	3
4470	5116	23	3
3193	5117	5076	1
139	3
5096	1379	3535	3
5088	1379	5118	3
478	555	3763	3
567	5119	637	3
5120	5121	5064	3
5112	5122	5064	3
3623	3624	3763	3
1360	5123	23	1
86	3
2499	5124	3763	3
3623	5125	637	3
2226	5126	3763	4
5127	5128	3763	1111	3
4470	5129	637	3
2802	2653	3763	3
571	5130	5108	3
3625	3626	3763	3
3914	5131	637	3
3917	5132	5108	3
5133	5134	5079	3
1005	1894	3763	3
4870	1778	23	3
889	5135	5108	3
2226	5136	5108	3
5137	5138	5064	3
5139	5140	5108	3
3283	3574	3763	3
5141	4391	3763	4
3932	5142	241	139	3
3408	5143	637	3
1193	3764	5064	3
5144	5145	3763	3
2226	2262	5108	3
1624	4848	3763	3
5146	4848	910	3
785	5147	5118	3
295	4344	5108	3
1024	5148	3763	3
5149	5150	3763	3
5151	5152	5108	4
1714	914	3763	1387	3
682	4940	5064	3
571	5153	5108	3
2226	5154	3763	3
5155	213	5108	4
4704	5156	1676	139	3
219	5157	5108	4
5158	5159	1111	139	3
5160	5161	3763	4
5162	5163	23	139	3
5164	1379	23	3
4470	5165	3763	3
4507	5166	3763	3
4470	5167	3763	3
130	1427	1534	3
1031	5168	3763	3
5169	1557	23	3
5170	1557	3763	3
5171	5172	910	3
5173	5174	637	3
5175	5176	637	3
1460	5177	5079	4
679	5121	241	139	3
2226	1024	5064	2
15	16	3
5178	5179	3763	3
3894	5180	637	3
5181	5182	5118	2
3576	3763	3
5183	5184	23	3
3623	5185	3763	4
5186	5187	23	139	3
5188	5189	3763	3
4470	5190	23	4
295	5191	910	139	3
1617	5192	3763	3
658	5193	910	3
5194	5195	5108	3
5196	5197	3763	4
767	5198	1111	139	3
4870	4344	5064	3
4516	5199	3763	4
5200	5201	1676	139	3
5202	5203	637	4
787	4848	4349	5064	3
4870	1402	5064	3
4809	5204	637	3
509	5205	5108	4
3632	5206	23	139	2
5207	3562	1
5208	1
3763	3
5209	5210	5108	3
1193	5211	3763	3
5211	5212	3763	4
5213	5214	23	139	2
5215	3763	3
787	3334	3763	5
5216	1456	279	5217	637	3
3702	5218	23	3
5219	5220	5108	3
2226	5221	3763	4
5222	5223	1534	139	3
5224	5225	23	3
219	5226	3763	3
5164	1839	3763	3
5227	5228	5108	3
5229	5230	3763	3
438	5231	637	3
2499	5232	3763	3
5233	5234	5108	3
5235	5236	3763	3
2226	5237	637	3
1034	5238	5108	4
2226	4673	241	139	3
5239	5240	3763	1
16	4
478	5241	910	139	3
2013	2354	5064	4
5242	5243	241	139	3
5244	2347	5108	4
2321	5245	1676	139	4
1034	4551	23	139	4
5246	5247	241	139	4
5248	5249	241	139	4
2058	5250	23	139	4
5251	4647	1676	139	3
5252	5253	3763	4
1004	5254	23	139	3
1903	5081	3763	3
5255	4483	5064	3
2802	5256	3763	3
4475	5257	5108	4
3814	536	23	139	3
5258	5259	3763	4
5120	5260	910	139	4
1605	5261	23	139	3
5262	5263	3763	4
5264	5265	3763	1111	2
3559	16	3
3400	5266	5064	1
6	3
3573	5267	23	2
6	1920	4
4601	5268	6	121	1
126	3
1034	5269	910	4
2	5270	3763	1111	3
5271	5272	3763	3
1005	5273	3763	4
1605	5274	3763	1111	4
3400	5275	3763	1111	3
5276	3140	3763	4
2524	3624	3763	1111	3
5277	4445	3763	3
15	139	1377	4
4346	5278	241	139	4
5279	5280	13	139	4
5281	5282	910	139	5
5283	5284	308	1111	139	4
5146	1005	23	139	4
2058	5285	23	139	1
5286	2
639	108	4
4884	5287	241	139	4
3605	5288	3763	1111	1
5286	2
48	639	3
1455	2153	5118	2
639	613	3
3630	3631	3763	3
5289	5290	5118	2
15	2621	3
5291	5292	3763	4
2802	1778	3763	1111	4
5293	5294	3763	1111	3
5295	5296	637	4
219	5297	3763	1111	3
5298	5299	5064	3
2347	5300	5064	3
4699	5119	3763	5
5301	1456	5302	23	139	2
5303	2621	4
1899	5304	6	121	4
5305	5306	6	121	4
5307	5259	6	121	5
3351	223	3395	664	476	2
1718	5308	3
5309	5310	731	3
333	1225	410	6
20	1275	38	592	574	490	1
3351	1
1617	4
39	572	573	23	7
1272	1774	301	3395	39	318	149	3
3395	32	1644	11
193	27	601	1666	1267	574	5311	592	3348	1109	410	4
265	3351	301	38	2
806	621	2
1109	39	2
86	248	2
509	590	4
341	591	15	16	4
2226	5312	5313	5314	4
2226	5315	2802	5316	4
3757	2764	3630	5317	1
5318	4
15	248	3905	5319	4
1195	5081	5188	5189	4
1193	3578	1617	5192	2
2226	5221	3
248	5229	5230	2
5320	5321	4
5322	5323	3433	5324	4
5325	5326	5327	5023	4
5328	5329	5330	5023	3
5331	5332	3039	4
3400	5333	219	5334	4
5087	208	1897	5335	4
5096	5097	1219	4645	4
478	555	5178	5179	3
3623	3624	3576	2
3623	5185	3
86	5196	5197	4
5336	5337	4516	5199	4
1283	3829	5207	5338	4
219	4544	1193	5211	3
5339	5211	5212	3
5340	5341	5215	4
5227	5342	787	3334	4
5343	5344	219	5226	4
5345	5346	5164	1839	4
5347	5348	2499	5232	4
4507	5349	5235	5236	3
5350	5239	5240	2
5351	5352	3
5353	5354	16	4
2499	5124	752	3370	3
2226	5126	3545	4
3283	3574	5355	5356	3
5357	5358	4363	3
2802	2653	5359	4
3625	3626	5360	5361	4
1005	1894	3386	5362	4
1031	5168	5363	5364	4
5127	5128	5252	5253	4
4470	5167	1903	5081	4
4470	5165	5365	5256	4
5170	1557	5258	5366	4
5141	4391	5262	5263	4
5144	5145	5264	5265	2
1624	4848	3
1024	5367	126	4
5149	5368	4884	5369	4
1714	914	5271	5272	4
2226	5154	5276	3140	4
5160	5161	1005	5273	2
5277	4445	4
1046	160	2	5270	3
4673	1605	5274	3
2878	3400	5275	3
4645	2524	3624	2
5370	5371	2
246	108	4
955	86	1604	5372	4
5162	5373	228	1375	2
1455	5374	4
3772	3788	639	613	4
3800	3801	3630	3631	4
639	108	15	2621	4
5375	5376	2802	1778	2
5377	5378	4
15	108	219	5297	4
4590	5379	5293	5294	4
3605	5288	5380	5381	4
2875	5382	5291	5292	6
543	117	276	3351	223	3395	1
315	1
661	9
149	556	136	250	765	4158	126	665	268	3
5	486	5383	3
1109	335	39	2
296	57	1
509	4
3351	3395	86	248	1
3925	2
621	1109	4
543	117	284	3351	3
190	564	3925	1
3395	2
5	2860	1
509	6
117	117	3351	3395	86	248	3
806	296	2860	2
5384	5385	2
15	248	3
556	1097	1106	1
509	4
18	543	1294	3395	4
806	5386	26	1137	2
296	57	1
509	2
3351	3925	2
567	171	4
20	277	1102	122	4
3351	54	592	296	2
296	57	1
509	1
3351	2
3351	3395	2
740	1258	2
20	5	5
2632	630	646	631	592	1
57	2
5387	3395	5
197	3632	5388	2944	39	1
1129	8
86	248	1226	1757	820	283	1785	601	5
86	248	341	591	298	1
38	4
574	581	5389	410	1
5390	5
565	5311	621	1109	3348	1
167	8
1272	1774	1785	301	86	248	341	591	2
265	3351	3
601	54	4096	3
86	248	646	2
5069	2921	1
208	6
637	1676	415	522	643	186	2
5391	780	1
4898	4
13	55	1805	186	2
5392	2716	1
5393	6
637	1676	415	527	643	1387	2
889	780	1
2653	3
5064	246	1111	2
2499	783	1
3447	6
637	1676	415	527	236	1387	2
4551	740	1
5394	4
637	1676	369	11	2
2772	186	2
5392	1325	1
5395	5
637	1676	308	1106	186	2
1024	691	1
5396	5
637	1676	568	344	186	2
752	20	1
5397	4
910	642	142	186	2
1193	1020	1
5398	4
13	3291	5399	186	2
3862	783	1
5400	1
5208	5
308	556	802	387	186	2
752	1113	1
5401	4
1534	5402	387	186	2
5069	780	1
5403	5
637	1676	1579	236	11	2
643	1464	4
86	248	646	631	2
509	589	1
590	6
3763	1676	636	319	86	186	2
5062	5063	3
5064	29	11	3
631	422	1111	3
341	591	646	2
5404	3556	4
910	5405	86	186	2
752	5406	2
236	1111	2
339	691	1
5407	4
1534	387	1106	186	2
5408	5409	4
910	805	2268	186	2
5410	5190	5
3535	1676	811	643	1111	2
1602	5411	2
236	1111	2
5412	1325	1
1778	5
637	1676	1579	236	1464	2
219	691	1
1778	1
5208	6
637	1676	2354	527	643	186	2
4519	5413	3
308	29	186	2
2173	5414	5
637	1676	1579	236	1354	2
2499	1651	1
5415	6
637	1676	415	527	643	1387	2
5096	783	1
4543	4
910	308	1106	186	2
889	691	1
5416	6
637	415	522	643	250	186	1
5417	1
3370	4
910	1800	726	186	2
925	5418	6
637	1676	2354	527	643	186	2
3894	589	1
5379	3
910	2618	186	2
2499	5419	5
3535	1676	811	643	1111	2
953	5420	4
13	3291	5399	1111	2
1031	5421	5
13	3291	578	236	186	2
1193	1325	1
2544	5
3535	1676	1169	2513	186	2
5422	1113	1
5423	1
5208	6
637	1676	522	642	142	186	1
1537	1
5424	4
254	573	236	186	2
4496	780	1
5257	3
910	2885	186	2
1633	691	1
5425	5
637	1676	1697	86	186	1
889	1
5425	3
3338	1106	639	1
186	2
4409	5426	3
13	643	1111	1
2226	1
5315	4
3763	1676	3791	186	1
5427	7
3535	1676	556	557	387	54	293	2
3888	20	1
5428	4
13	4846	1805	186	2
219	5429	5
3535	1676	1262	643	186	2
5430	5431	7
13	36	1106	5432	573	1579	5433	1
5434	2
1403	1474	1
1678	6
637	1676	415	522	236	186	2
1283	589	1
1677	6
637	1676	2354	522	236	186	2
5435	5436	1
308	3
308	1106	186	2
1024	3624	6
13	556	5437	557	5438	186	2
2524	5439	4
5064	3766	643	1323	2
219	5440	6
637	1676	415	522	236	3105	1
1031	1
5441	6
637	1676	1579	527	643	1464	4
341	591	646	631	2
5065	5066	5
5064	66	319	246	1111	2
5194	5442	4
13	610	611	186	2
3408	1474	1
5443	1
308	3
355	82	186	2
5444	740	1
788	3
637	1676	643	2
236	11	3
527	362	5445	1
186	2
5069	5070	4
5064	1576	631	1111	2
1604	5419	4
910	387	505	186	2
4496	5446	1
308	2
1449	11	3
2263	3323	5447	2
4699	1195	5
637	1676	1579	6	1464	2
1005	1020	1
2369	5
637	1676	1576	631	186	2
5404	589	1
5071	4
910	66	359	11	2
100	186	2
5448	691	1
5449	5
5450	241	355	82	186	3
341	591	1867	3
5451	5452	5453	4
5454	1676	442	186	2
5455	5456	4
13	386	823	186	2
2013	2132	3
5064	442	1111	3
1034	5457	2653	3
13	442	1111	2
2524	5458	3
5064	442	1111	2
752	691	1
5459	1
308	2
442	186	2
219	3902	3
5064	442	1111	2
2226	5312	4
3763	1676	3791	186	2
5067	5068	3
5064	139	1111	2
1602	1020	1
1603	5
637	1676	1579	442	1464	2
5460	2299	1
5461	5
637	1676	1138	250	186	2
3207	1020	1
5462	4
637	1676	29	236	2
1536	2168	1
186	2
889	5463	8
5454	1676	4992	557	86	1205	674	909	1
376	1
2323	1
5464	5
637	1676	640	643	186	2
1005	857	1
1441	4
637	1676	1446	186	2
1031	589	1
5465	3
5079	442	186	2
889	691	1
1379	3
910	442	186	4
4944	5466	628	5467	3
5064	442	1111	2
3757	1020	1
2764	5
3763	1676	3791	615	186	3
341	591	1046	2
4731	780	1
5468	4
1534	1241	86	186	5
3351	223	4096	86	248	2
5469	3925	1
5470	1
1129	8
86	248	1226	1757	820	283	1785	601	5
86	248	341	591	298	1
38	4
574	581	5389	410	1
5390	5
565	5311	621	1109	3348	1
167	8
1272	1774	1785	301	86	248	341	591	2
265	3351	3
601	54	4096	3
86	248	646	2
5069	2921	1
208	6
637	1676	415	522	643	186	2
5391	780	1
4898	4
13	55	1805	186	2
5392	2716	1
5393	6
637	1676	415	527	643	1387	2
889	780	1
2653	3
5064	246	1111	2
2499	783	1
3447	6
637	1676	415	527	236	1387	2
4551	740	1
5394	4
637	1676	369	11	2
2772	186	2
5392	1325	1
5395	5
637	1676	308	1106	186	2
1024	691	1
5396	5
637	1676	568	344	186	2
752	20	1
5397	4
910	642	142	186	2
1193	1020	1
5398	4
13	3291	5399	186	2
3862	783	1
5400	1
5208	5
308	556	802	387	186	2
752	1113	1
5401	4
1534	5402	387	186	2
5069	780	1
5403	5
637	1676	1579	236	11	2
643	1464	4
86	248	646	631	2
509	589	1
590	6
3763	1676	636	319	86	186	2
5062	5063	3
5064	29	11	3
631	422	1111	3
341	591	646	2
5404	3556	4
910	5405	86	186	2
752	5406	2
236	1111	2
339	691	1
5407	4
1534	387	1106	186	2
5408	5409	4
910	805	2268	186	2
5410	5190	5
3535	1676	811	643	1111	2
1602	5411	2
236	1111	2
5412	1325	1
1778	5
637	1676	1579	236	1464	2
219	691	1
1778	1
5208	6
637	1676	2354	527	643	186	2
4519	5413	3
308	29	186	2
2173	5414	5
637	1676	1579	236	1354	2
2499	1651	1
5415	6
637	1676	415	527	643	1387	2
5096	783	1
4543	4
910	308	1106	186	2
889	691	1
5416	6
637	415	522	643	250	186	1
5417	1
3370	4
910	1800	726	186	2
925	5418	6
637	1676	2354	527	643	186	2
3894	589	1
5379	3
910	2618	186	2
2499	5419	5
3535	1676	811	643	1111	2
953	5420	4
13	3291	5399	1111	2
1031	5421	5
13	3291	578	236	186	2
1193	1325	1
2544	5
3535	1676	1169	2513	186	2
5422	1113	1
5423	1
5208	6
637	1676	522	642	142	186	1
1537	1
5424	4
254	573	236	186	2
4496	780	1
5257	3
910	2885	186	2
1633	691	1
5425	5
637	1676	1697	86	186	1
889	1
5425	3
3338	1106	639	1
186	2
4409	5426	3
13	643	1111	1
2226	1
5315	4
3763	1676	3791	186	1
5427	7
3535	1676	556	557	387	54	293	2
3888	20	1
5428	4
13	4846	1805	186	2
219	5429	5
3535	1676	1262	643	186	2
5430	5431	7
13	36	1106	5432	573	1579	5433	1
5434	2
1403	1474	1
1678	6
637	1676	415	522	236	186	2
1283	589	1
1677	6
637	1676	2354	522	236	186	2
5435	5436	1
308	3
308	1106	186	2
1024	3624	6
13	556	5437	557	5438	186	2
2524	5439	4
5064	3766	643	1323	2
219	5440	6
637	1676	415	522	236	3105	1
1031	1
5441	6
637	1676	1579	527	643	1464	4
341	591	646	631	2
5065	5066	5
5064	66	319	246	1111	2
5194	5442	4
13	610	611	186	2
3408	1474	1
5443	1
308	3
355	82	186	2
5444	740	1
788	3
637	1676	643	2
236	11	3
527	362	5445	1
186	2
5069	5070	4
5064	1576	631	1111	2
1604	5419	4
910	387	505	186	2
4496	5446	1
308	2
1449	11	3
2263	3323	5447	2
4699	1195	5
637	1676	1579	6	1464	2
1005	1020	1
2369	5
637	1676	1576	631	186	2
5404	589	1
5071	4
910	66	359	11	2
100	186	2
5448	691	1
5449	5
5450	241	355	82	186	3
341	591	1867	3
5451	5452	5453	4
5454	1676	442	186	2
5455	5456	4
13	386	823	186	2
2013	2132	3
5064	442	1111	3
1034	5457	2653	3
13	442	1111	2
2524	5458	3
5064	442	1111	2
752	691	1
5459	1
308	2
442	186	2
219	3902	3
5064	442	1111	2
2226	5312	4
3763	1676	3791	186	2
5067	5068	3
5064	139	1111	2
1602	1020	1
1603	5
637	1676	1579	442	1464	2
5460	2299	1
5461	5
637	1676	1138	250	186	2
3207	1020	1
5462	4
637	1676	29	236	2
1536	2168	1
186	2
889	5463	8
5454	1676	4992	557	86	1205	674	909	1
376	1
2323	1
5464	5
637	1676	640	643	186	2
1005	857	1
1441	4
637	1676	1446	186	2
1031	589	1
5465	3
5079	442	186	2
889	691	1
1379	3
910	442	186	4
4944	5466	628	5467	3
5064	442	1111	2
3757	1020	1
2764	5
3763	1676	3791	615	186	3
341	591	1046	2
4731	780	1
5468	4
1534	1241	86	186	2
5387	3395	1
3925	1
2632	5
179	758	5471	120	123	2
3351	3395	1
57	1
509	2
3351	3395	1
1282	4
20	14	3351	3395	1
5472	1
1129	8
86	248	1226	1757	820	283	1785	601	5
86	248	341	591	298	1
38	4
574	581	5389	410	1
5390	5
565	5311	621	1109	3348	1
167	8
1272	1774	1785	301	86	248	341	591	2
265	3351	3
601	54	4096	3
86	248	646	2
5069	2921	1
208	6
637	1676	415	522	643	186	2
5391	780	1
4898	4
13	55	1805	186	2
5392	2716	1
5393	6
637	1676	415	527	643	1387	2
889	780	1
2653	3
5064	246	1111	2
2499	783	1
3447	6
637	1676	415	527	236	1387	2
4551	740	1
5394	4
637	1676	369	11	2
2772	186	2
5392	1325	1
5395	5
637	1676	308	1106	186	2
1024	691	1
5396	5
637	1676	568	344	186	2
752	20	1
5397	4
910	642	142	186	2
1193	1020	1
5398	4
13	3291	5399	186	2
3862	783	1
5400	1
5208	5
308	556	802	387	186	2
752	1113	1
5401	4
1534	5402	387	186	2
5069	780	1
5403	5
637	1676	1579	236	11	2
643	1464	4
86	248	646	631	2
509	589	1
590	6
3763	1676	636	319	86	186	2
5062	5063	3
5064	29	11	3
631	422	1111	3
341	591	646	2
5404	3556	4
910	5405	86	186	2
752	5406	2
236	1111	2
339	691	1
5407	4
1534	387	1106	186	2
5408	5409	4
910	805	2268	186	2
5410	5190	5
3535	1676	811	643	1111	2
1602	5411	2
236	1111	2
5412	1325	1
1778	5
637	1676	1579	236	1464	2
219	691	1
1778	1
5208	6
637	1676	2354	527	643	186	2
4519	5413	3
308	29	186	2
2173	5414	5
637	1676	1579	236	1354	2
2499	1651	1
5415	6
637	1676	415	527	643	1387	2
5096	783	1
4543	4
910	308	1106	186	2
889	691	1
5416	6
637	415	522	643	250	186	1
5417	1
3370	4
910	1800	726	186	2
925	5418	6
637	1676	2354	527	643	186	2
3894	589	1
5379	3
910	2618	186	2
2499	5419	5
3535	1676	811	643	1111	2
953	5420	4
13	3291	5399	1111	2
1031	5421	5
13	3291	578	236	186	2
1193	1325	1
2544	5
3535	1676	1169	2513	186	2
5422	1113	1
5423	1
5208	6
637	1676	522	642	142	186	1
1537	1
5424	4
254	573	236	186	2
4496	780	1
5257	3
910	2885	186	2
1633	691	1
5425	5
637	1676	1697	86	186	1
889	1
5425	3
3338	1106	639	1
186	2
4409	5426	3
13	643	1111	1
2226	1
5315	4
3763	1676	3791	186	1
5427	7
3535	1676	556	557	387	54	293	2
3888	20	1
5428	4
13	4846	1805	186	2
219	5429	5
3535	1676	1262	643	186	2
5430	5431	7
13	36	1106	5432	573	1579	5433	1
5434	2
1403	1474	1
1678	6
637	1676	415	522	236	186	2
1283	589	1
1677	6
637	1676	2354	522	236	186	2
5435	5436	1
308	3
308	1106	186	2
1024	3624	6
13	556	5437	557	5438	186	2
2524	5439	4
5064	3766	643	1323	2
219	5440	6
637	1676	415	522	236	3105	1
1031	1
5441	6
637	1676	1579	527	643	1464	4
341	591	646	631	2
5065	5066	5
5064	66	319	246	1111	2
5194	5442	4
13	610	611	186	2
3408	1474	1
5443	1
308	3
355	82	186	2
5444	740	1
788	3
637	1676	643	2
236	11	3
527	362	5445	1
186	2
5069	5070	4
5064	1576	631	1111	2
1604	5419	4
910	387	505	186	2
4496	5446	1
308	2
1449	11	3
2263	3323	5447	2
4699	1195	5
637	1676	1579	6	1464	2
1005	1020	1
2369	5
637	1676	1576	631	186	2
5404	589	1
5071	4
910	66	359	11	2
100	186	2
5448	691	1
5449	5
5450	241	355	82	186	3
341	591	1867	3
5451	5452	5453	4
5454	1676	442	186	2
5455	5456	4
13	386	823	186	2
2013	2132	3
5064	442	1111	3
1034	5457	2653	3
13	442	1111	2
2524	5458	3
5064	442	1111	2
752	691	1
5459	1
308	2
442	186	2
219	3902	3
5064	442	1111	2
2226	5312	4
3763	1676	3791	186	2
5067	5068	3
5064	139	1111	2
1602	1020	1
1603	5
637	1676	1579	442	1464	2
5460	2299	1
5461	5
637	1676	1138	250	186	2
3207	1020	1
5462	4
637	1676	29	236	2
1536	2168	1
186	2
889	5463	8
5454	1676	4992	557	86	1205	674	909	1
376	1
2323	1
5464	5
637	1676	640	643	186	2
1005	857	1
1441	4
637	1676	1446	186	2
1031	589	1
5465	3
5079	442	186	2
889	691	1
1379	3
910	442	186	4
4944	5466	628	5467	3
5064	442	1111	2
3757	1020	1
2764	5
3763	1676	3791	615	186	3
341	591	1046	2
4731	780	1
5468	4
1534	1241	86	186	3
3351	2245	1110	2
20	664	4
574	688	149	1773	4
570	5473	476	167	2
2278	5474	2
399	4025	1
509	5
543	506	467	1774	3395	2
3351	476	1
27	3
39	1018	11	3
1053	611	23	7
3395	482	1566	1096	1148	879	233	3
1074	1180	1143	1
3351	1
509	4
543	1164	273	54	1
20	6
3351	1110	5475	417	1500	5476	1
57	2
664	54	6
20	1275	688	149	664	5477	1
574	2
5478	5479	2
341	591	3
845	261	319	3
39	3291	422	2
210	5480	8
86	248	1226	1757	820	283	1785	601	5
86	248	341	591	298	1
38	4
574	581	5389	410	1
5390	5
565	5311	621	1109	3348	1
167	8
1272	1774	1785	301	86	248	341	591	2
265	3351	3
601	54	4096	3
86	248	646	2
5069	2921	1
208	6
637	1676	415	522	643	186	2
5391	780	1
4898	4
13	55	1805	186	2
5392	2716	1
5393	6
637	1676	415	527	643	1387	2
889	780	1
2653	3
5064	246	1111	2
2499	783	1
3447	6
637	1676	415	527	236	1387	2
4551	740	1
5394	4
637	1676	369	11	2
2772	186	2
5392	1325	1
5395	5
637	1676	308	1106	186	2
1024	691	1
5396	5
637	1676	568	344	186	2
752	20	1
5397	4
910	642	142	186	2
1193	1020	1
5398	4
13	3291	5399	186	2
3862	783	1
5400	1
5208	5
308	556	802	387	186	2
752	1113	1
5401	4
1534	5402	387	186	2
5069	780	1
5403	5
637	1676	1579	236	11	2
643	1464	4
86	248	646	631	2
509	589	1
590	6
3763	1676	636	319	86	186	2
5062	5063	3
5064	29	11	3
631	422	1111	3
341	591	646	2
5404	3556	4
910	5405	86	186	2
752	5406	2
236	1111	2
339	691	1
5407	4
1534	387	1106	186	2
5408	5409	4
910	805	2268	186	2
5410	5190	5
3535	1676	811	643	1111	2
1602	5411	2
236	1111	2
5412	1325	1
1778	5
637	1676	1579	236	1464	2
219	691	1
1778	1
5208	6
637	1676	2354	527	643	186	2
4519	5413	3
308	29	186	2
2173	5414	5
637	1676	1579	236	1354	2
2499	1651	1
5415	6
637	1676	415	527	643	1387	2
5096	783	1
4543	4
910	308	1106	186	2
889	691	1
5416	6
637	415	522	643	250	186	1
5417	1
3370	4
910	1800	726	186	2
925	5418	6
637	1676	2354	527	643	186	2
3894	589	1
5379	3
910	2618	186	2
2499	5419	5
3535	1676	811	643	1111	2
953	5420	4
13	3291	5399	1111	2
1031	5421	5
13	3291	578	236	186	2
1193	1325	1
2544	5
3535	1676	1169	2513	186	2
5422	1113	1
5423	1
5208	6
637	1676	522	642	142	186	1
1537	1
5424	4
254	573	236	186	2
4496	780	1
5257	3
910	2885	186	2
1633	691	1
5425	5
637	1676	1697	86	186	1
889	1
5425	3
3338	1106	639	1
186	2
4409	5426	3
13	643	1111	1
2226	1
5315	4
3763	1676	3791	186	1
5427	7
3535	1676	556	557	387	54	293	2
3888	20	1
5428	4
13	4846	1805	186	2
219	5429	5
3535	1676	1262	643	186	2
5430	5431	7
13	36	1106	5432	573	1579	5433	1
5434	2
1403	1474	1
1678	6
637	1676	415	522	236	186	2
1283	589	1
1677	6
637	1676	2354	522	236	186	2
5435	5436	1
308	3
308	1106	186	2
1024	3624	6
13	556	5437	557	5438	186	2
2524	5439	4
5064	3766	643	1323	2
219	5440	6
637	1676	415	522	236	3105	1
1031	1
5441	6
637	1676	1579	527	643	1464	4
341	591	646	631	2
5065	5066	5
5064	66	319	246	1111	2
5194	5442	4
13	610	611	186	2
3408	1474	1
5443	1
308	3
355	82	186	2
5444	740	1
788	3
637	1676	643	2
236	11	3
527	362	5445	1
186	2
5069	5070	4
5064	1576	631	1111	2
1604	5419	4
910	387	505	186	2
4496	5446	1
308	2
1449	11	3
2263	3323	5447	2
4699	1195	5
637	1676	1579	6	1464	2
1005	1020	1
2369	5
637	1676	1576	631	186	2
5404	589	1
5071	4
910	66	359	11	2
100	186	2
5448	691	1
5449	5
5450	241	355	82	186	3
341	591	1867	3
5451	5452	5453	4
5454	1676	442	186	2
5455	5456	4
13	386	823	186	2
2013	2132	3
5064	442	1111	3
1034	5457	2653	3
13	442	1111	2
2524	5458	3
5064	442	1111	2
752	691	1
5459	1
308	2
442	186	2
219	3902	3
5064	442	1111	2
2226	5312	4
3763	1676	3791	186	2
5067	5068	3
5064	139	1111	2
1602	1020	1
1603	5
637	1676	1579	442	1464	2
5460	2299	1
5461	5
637	1676	1138	250	186	2
3207	1020	1
5462	4
637	1676	29	236	2
1536	2168	1
186	2
889	5463	8
5454	1676	4992	557	86	1205	674	909	1
376	1
2323	1
5464	5
637	1676	640	643	186	2
1005	857	1
1441	4
637	1676	1446	186	2
1031	589	1
5465	3
5079	442	186	2
889	691	1
1379	3
910	442	186	4
4944	5466	628	5467	3
5064	442	1111	2
3757	1020	1
2764	5
3763	1676	3791	615	186	3
341	591	1046	2
4731	780	1
5468	4
1534	1241	86	186	1
509	2
5481	3395	3
443	1165	410	3
1233	3682	3925	2
1142	5482	4
3823	1518	1267	776	1
3351	3
3351	509	3395	3
567	5483	661	1
57	1
509	1
3351	1
4699	3
572	573	23	1
574	6
20	575	576	577	578	579	7
36	4	580	581	241	238	582	3
557	86	583	2
584	585	3
556	557	586	6
319	587	588	52	509	589	1
590	2
341	591	1
592	4
509	100	263	593	1
246	5
341	591	260	6	261	7
20	256	57	556	557	86	319	6
594	223	588	39	556	587	1
595	1
592	7
509	149	596	39	597	598	599	7
600	580	203	451	601	598	602	6
603	505	557	86	319	604	6
90	605	296	319	606	607	4
608	609	610	611	6
253	110	557	86	319	612	6
613	614	144	125	319	615	9
616	617	556	241	238	414	359	86	583	8
252	251	618	54	557	86	319	261	6
588	619	620	566	557	238	7
598	319	486	621	52	100	622	2
36	623	4
624	509	625	626	2
627	119	5
557	86	319	486	628	1
629	2
20	630	5
65	631	557	86	632	3
633	573	634	3
100	257	509	7
509	635	592	341	591	636	319	2
572	573	4
100	637	261	342	4
65	592	636	319	2
86	557	2
638	100	3
557	86	639	2
640	641	1
625	3
234	235	86	3
20	640	642	1
643	6
636	644	643	66	515	643	2
509	39	2
265	167	3
86	556	300	3
69	265	39	13
509	645	646	647	648	649	26	650	651	598	344	652	653	4
86	654	36	26	6
265	631	509	459	613	592	1
3351	1
1129	1
574	6
20	575	576	577	578	579	7
36	4	580	581	241	238	582	3
557	86	583	2
584	585	3
556	557	586	6
319	587	588	52	509	589	1
590	2
341	591	1
592	4
509	100	263	593	1
246	5
341	591	260	6	261	7
20	256	57	556	557	86	319	6
594	223	588	39	556	587	1
595	1
592	7
509	149	596	39	597	598	599	7
600	580	203	451	601	598	602	6
603	505	557	86	319	604	6
90	605	296	319	606	607	4
608	609	610	611	6
253	110	557	86	319	612	6
613	614	144	125	319	615	9
616	617	556	241	238	414	359	86	583	8
252	251	618	54	557	86	319	261	6
588	619	620	566	557	238	7
598	319	486	621	52	100	622	2
36	623	4
624	509	625	626	2
627	119	5
557	86	319	486	628	1
629	2
20	630	5
65	631	557	86	632	3
633	573	634	3
100	257	509	7
509	635	592	341	591	636	319	2
572	573	4
100	637	261	342	4
65	592	636	319	2
86	557	2
638	100	3
557	86	639	2
640	641	1
625	3
234	235	86	3
20	640	642	1
643	6
636	644	643	66	515	643	2
509	39	2
265	167	3
86	556	300	3
69	265	39	13
509	645	646	647	648	649	26	650	651	598	344	652	653	4
86	654	36	26	6
265	631	509	459	613	592	2
3536	509	1
3351	7
86	1318	1106	565	5437	643	39	1
505	3
744	86	801	1
4592	6
255	122	1294	3733	557	86	2
585	1693	5
3351	5	2860	54	21	2
296	57	2
1602	5484	1
574	6
20	575	576	577	578	579	7
36	4	580	581	241	238	582	3
557	86	583	2
584	585	3
556	557	586	6
319	587	588	52	509	589	1
590	2
341	591	1
592	4
509	100	263	593	1
246	5
341	591	260	6	261	7
20	256	57	556	557	86	319	6
594	223	588	39	556	587	1
595	1
592	7
509	149	596	39	597	598	599	7
600	580	203	451	601	598	602	6
603	505	557	86	319	604	6
90	605	296	319	606	607	4
608	609	610	611	6
253	110	557	86	319	612	6
613	614	144	125	319	615	9
616	617	556	241	238	414	359	86	583	8
252	251	618	54	557	86	319	261	6
588	619	620	566	557	238	7
598	319	486	621	52	100	622	2
36	623	4
624	509	625	626	2
627	119	5
557	86	319	486	628	1
629	2
20	630	5
65	631	557	86	632	3
633	573	634	3
100	257	509	7
509	635	592	341	591	636	319	2
572	573	4
100	637	261	342	4
65	592	636	319	2
86	557	2
638	100	3
557	86	639	2
640	641	1
625	3
234	235	86	3
20	640	642	1
643	6
636	644	643	66	515	643	2
509	39	2
265	167	3
86	556	300	3
69	265	39	13
509	645	646	647	648	649	26	650	651	598	344	652	653	4
86	654	36	26	6
265	631	509	459	613	592	4
3351	54	671	256	2
54	592	3
253	801	1594	1
1494	2
1258	3	1
759	9
543	189	190	193	151	626	558	233	631	2
258	5485	6
197	1005	5485	2185	23	39	2
263	593	1
574	6
20	575	576	577	578	579	7
36	4	580	581	241	238	582	3
557	86	583	2
584	585	3
556	557	586	6
319	587	588	52	509	589	1
590	2
341	591	1
592	4
509	100	263	593	1
246	5
341	591	260	6	261	7
20	256	57	556	557	86	319	6
594	223	588	39	556	587	1
595	1
592	7
509	149	596	39	597	598	599	7
600	580	203	451	601	598	602	6
603	505	557	86	319	604	6
90	605	296	319	606	607	4
608	609	610	611	6
253	110	557	86	319	612	6
613	614	144	125	319	615	9
616	617	556	241	238	414	359	86	583	8
252	251	618	54	557	86	319	261	6
588	619	620	566	557	238	7
598	319	486	621	52	100	622	2
36	623	4
624	509	625	626	2
627	119	5
557	86	319	486	628	1
629	2
20	630	5
65	631	557	86	632	3
633	573	634	3
100	257	509	7
509	635	592	341	591	636	319	2
572	573	4
100	637	261	342	4
65	592	636	319	2
86	557	2
638	100	3
557	86	639	2
640	641	1
625	3
234	235	86	3
20	640	642	1
643	6
636	644	643	66	515	643	2
509	39	2
265	167	3
86	556	300	3
69	265	39	13
509	645	646	647	648	649	26	650	651	598	344	652	653	4
86	654	36	26	6
265	631	509	459	613	592	1
3351	6
20	14	5030	543	5	86	3
507	1102	14	1
27	1
679	1
574	6
20	575	576	577	578	579	7
36	4	580	581	241	238	582	3
557	86	583	2
584	585	3
556	557	586	6
319	587	588	52	509	589	1
590	2
341	591	1
592	4
509	100	263	593	1
246	5
341	591	260	6	261	7
20	256	57	556	557	86	319	6
594	223	588	39	556	587	1
595	1
592	7
509	149	596	39	597	598	599	7
600	580	203	451	601	598	602	6
603	505	557	86	319	604	6
90	605	296	319	606	607	4
608	609	610	611	6
253	110	557	86	319	612	6
613	614	144	125	319	615	9
616	617	556	241	238	414	359	86	583	8
252	251	618	54	557	86	319	261	6
588	619	620	566	557	238	7
598	319	486	621	52	100	622	2
36	623	4
624	509	625	626	2
627	119	5
557	86	319	486	628	1
629	2
20	630	5
65	631	557	86	632	3
633	573	634	3
100	257	509	7
509	635	592	341	591	636	319	2
572	573	4
100	637	261	342	4
65	592	636	319	2
86	557	2
638	100	3
557	86	639	2
640	641	1
625	3
234	235	86	3
20	640	642	1
643	6
636	644	643	66	515	643	2
509	39	2
265	167	3
86	556	300	3
69	265	39	13
509	645	646	647	648	649	26	650	651	598	344	652	653	4
86	654	36	26	6
265	631	509	459	613	592	1
509	3
3351	54	592	1
1103	3
5486	186	195	4
256	329	151	1610	2
179	197	2
296	57	1
2226	2
1018	11	3
1053	611	23	1
574	6
20	575	576	577	578	579	7
36	4	580	581	241	238	582	3
557	86	583	2
584	585	3
556	557	586	6
319	587	588	52	509	589	1
590	2
341	591	1
592	4
509	100	263	593	1
246	5
341	591	260	6	261	7
20	256	57	556	557	86	319	6
594	223	588	39	556	587	1
595	1
592	7
509	149	596	39	597	598	599	7
600	580	203	451	601	598	602	6
603	505	557	86	319	604	6
90	605	296	319	606	607	4
608	609	610	611	6
253	110	557	86	319	612	6
613	614	144	125	319	615	9
616	617	556	241	238	414	359	86	583	8
252	251	618	54	557	86	319	261	6
588	619	620	566	557	238	7
598	319	486	621	52	100	622	2
36	623	4
624	509	625	626	2
627	119	5
557	86	319	486	628	1
629	2
20	630	5
65	631	557	86	632	3
633	573	634	3
100	257	509	7
509	635	592	341	591	636	319	2
572	573	4
100	637	261	342	4
65	592	636	319	2
86	557	2
638	100	3
557	86	639	2
640	641	1
625	3
234	235	86	3
20	640	642	1
643	6
636	644	643	66	515	643	2
509	39	2
265	167	3
86	556	300	3
69	265	39	13
509	645	646	647	648	649	26	650	651	598	344	652	653	4
86	654	36	26	6
265	631	509	459	613	592	4
3351	459	256	1258	6
3	631	54	592	759	123	7
3011	174	757	126	255	1306	715	1
1386	4
39	572	573	23	6
757	126	255	399	370	815	1
109	7
117	284	215	482	448	418	255	13
482	221	263	593	96	1981	57	459	592	377	57	556	319	4
125	126	255	190	3
5487	592	637	3
4497	636	319	3
171	1207	812	6
256	588	5488	1329	319	612	4
2112	556	587	253	5
3351	570	179	1612	715	1
873	1
5489	5
197	5489	5490	23	39	1
574	6
20	575	576	577	578	579	7
36	4	580	581	241	238	582	3
557	86	583	2
584	585	3
556	557	586	6
319	587	588	52	509	589	1
590	2
341	591	1
592	4
509	100	263	593	1
246	5
341	591	260	6	261	7
20	256	57	556	557	86	319	6
594	223	588	39	556	587	1
595	1
592	7
509	149	596	39	597	598	599	7
600	580	203	451	601	598	602	6
603	505	557	86	319	604	6
90	605	296	319	606	607	4
608	609	610	611	6
253	110	557	86	319	612	6
613	614	144	125	319	615	9
616	617	556	241	238	414	359	86	583	8
252	251	618	54	557	86	319	261	6
588	619	620	566	557	238	7
598	319	486	621	52	100	622	2
36	623	4
624	509	625	626	2
627	119	5
557	86	319	486	628	1
629	2
20	630	5
65	631	557	86	632	3
633	573	634	3
100	257	509	7
509	635	592	341	591	636	319	2
572	573	4
100	637	261	342	4
65	592	636	319	2
86	557	2
638	100	3
557	86	639	2
640	641	1
625	3
234	235	86	3
20	640	642	1
643	6
636	644	643	66	515	643	2
509	39	2
265	167	3
86	556	300	3
69	265	39	13
509	645	646	647	648	649	26	650	651	598	344	652	653	4
86	654	36	26	6
265	631	509	459	613	592	1
5491	1
2278	3
740	4808	3326	3
189	190	359	1
1418	1
911	1
1032	1
857	2
1018	11	3
1053	611	23	1
574	6
20	575	576	577	578	579	7
36	4	580	581	241	238	582	3
557	86	583	2
584	585	3
556	557	586	6
319	587	588	52	509	589	1
590	2
341	591	1
592	4
509	100	263	593	1
246	5
341	591	260	6	261	7
20	256	57	556	557	86	319	6
594	223	588	39	556	587	1
595	1
592	7
509	149	596	39	597	598	599	7
600	580	203	451	601	598	602	6
603	505	557	86	319	604	6
90	605	296	319	606	607	4
608	609	610	611	6
253	110	557	86	319	612	6
613	614	144	125	319	615	9
616	617	556	241	238	414	359	86	583	8
252	251	618	54	557	86	319	261	6
588	619	620	566	557	238	7
598	319	486	621	52	100	622	2
36	623	4
624	509	625	626	2
627	119	5
557	86	319	486	628	1
629	2
20	630	5
65	631	557	86	632	3
633	573	634	3
100	257	509	7
509	635	592	341	591	636	319	2
572	573	4
100	637	261	342	4
65	592	636	319	2
86	557	2
638	100	3
557	86	639	2
640	641	1
625	3
234	235	86	3
20	640	642	1
643	6
636	644	643	66	515	643	2
509	39	2
265	167	3
86	556	300	3
69	265	39	13
509	645	646	647	648	649	26	650	651	598	344	652	653	4
86	654	36	26	6
265	631	509	459	613	592	1
509	1
3351	5
197	3346	3347	23	39	1
574	6
20	575	576	577	578	579	7
36	4	580	581	241	238	582	3
557	86	583	2
584	585	3
556	557	586	6
319	587	588	52	509	589	1
590	2
341	591	1
592	4
509	100	263	593	1
246	5
341	591	260	6	261	7
20	256	57	556	557	86	319	6
594	223	588	39	556	587	1
595	1
592	7
509	149	596	39	597	598	599	7
600	580	203	451	601	598	602	6
603	505	557	86	319	604	6
90	605	296	319	606	607	4
608	609	610	611	6
253	110	557	86	319	612	6
613	614	144	125	319	615	9
616	617	556	241	238	414	359	86	583	8
252	251	618	54	557	86	319	261	6
588	619	620	566	557	238	7
598	319	486	621	52	100	622	2
36	623	4
624	509	625	626	2
627	119	5
557	86	319	486	628	1
629	2
20	630	5
65	631	557	86	632	3
633	573	634	3
100	257	509	7
509	635	592	341	591	636	319	2
572	573	4
100	637	261	342	4
65	592	636	319	2
86	557	2
638	100	3
557	86	639	2
640	641	1
625	3
234	235	86	3
20	640	642	1
643	6
636	644	643	66	515	643	2
509	39	2
265	167	3
86	556	300	3
69	265	39	13
509	645	646	647	648	649	26	650	651	598	344	652	653	4
86	654	36	26	6
265	631	509	459	613	592	1
3351	1
509	1
5492	5
197	3224	5493	23	39	1
574	6
20	575	576	577	578	579	7
36	4	580	581	241	238	582	3
557	86	583	2
584	585	3
556	557	586	6
319	587	588	52	509	589	1
590	2
341	591	1
592	4
509	100	263	593	1
246	5
341	591	260	6	261	7
20	256	57	556	557	86	319	6
594	223	588	39	556	587	1
595	1
592	7
509	149	596	39	597	598	599	7
600	580	203	451	601	598	602	6
603	505	557	86	319	604	6
90	605	296	319	606	607	4
608	609	610	611	6
253	110	557	86	319	612	6
613	614	144	125	319	615	9
616	617	556	241	238	414	359	86	583	8
252	251	618	54	557	86	319	261	6
588	619	620	566	557	238	7
598	319	486	621	52	100	622	2
36	623	4
624	509	625	626	2
627	119	5
557	86	319	486	628	1
629	2
20	630	5
65	631	557	86	632	3
633	573	634	3
100	257	509	7
509	635	592	341	591	636	319	2
572	573	4
100	637	261	342	4
65	592	636	319	2
86	557	2
638	100	3
557	86	639	2
640	641	1
625	3
234	235	86	3
20	640	642	1
643	6
636	644	643	66	515	643	2
509	39	2
265	167	3
86	556	300	3
69	265	39	13
509	645	646	647	648	649	26	650	651	598	344	652	653	4
86	654	36	26	6
265	631	509	459	613	592	5
3351	1272	621	1109	5494	5
179	197	1238	54	256	1
1129	3
572	573	23	1
574	6
20	575	576	577	578	579	7
36	4	580	581	241	238	582	3
557	86	583	2
584	585	3
556	557	586	6
319	587	588	52	509	589	1
590	2
341	591	1
592	4
509	100	263	593	1
246	5
341	591	260	6	261	7
20	256	57	556	557	86	319	6
594	223	588	39	556	587	1
595	1
592	7
509	149	596	39	597	598	599	7
600	580	203	451	601	598	602	6
603	505	557	86	319	604	6
90	605	296	319	606	607	4
608	609	610	611	6
253	110	557	86	319	612	6
613	614	144	125	319	615	9
616	617	556	241	238	414	359	86	583	8
252	251	618	54	557	86	319	261	6
588	619	620	566	557	238	7
598	319	486	621	52	100	622	2
36	623	4
624	509	625	626	2
627	119	5
557	86	319	486	628	1
629	2
20	630	5
65	631	557	86	632	3
633	573	634	3
100	257	509	7
509	635	592	341	591	636	319	2
572	573	4
100	637	261	342	4
65	592	636	319	2
86	557	2
638	100	3
557	86	639	2
640	641	1
625	3
234	235	86	3
20	640	642	1
643	6
636	644	643	66	515	643	2
509	39	2
265	167	3
86	556	300	3
69	265	39	13
509	645	646	647	648	649	26	650	651	598	344	652	653	4
86	654	36	26	6
265	631	509	459	613	592	1
3351	2
509	5286	5
197	5246	5495	23	39	1
574	6
20	575	576	577	578	579	7
36	4	580	581	241	238	582	3
557	86	583	2
584	585	3
556	557	586	6
319	587	588	52	509	589	1
590	2
341	591	1
592	4
509	100	263	593	1
246	5
341	591	260	6	261	7
20	256	57	556	557	86	319	6
594	223	588	39	556	587	1
595	1
592	7
509	149	596	39	597	598	599	7
600	580	203	451	601	598	602	6
603	505	557	86	319	604	6
90	605	296	319	606	607	4
608	609	610	611	6
253	110	557	86	319	612	6
613	614	144	125	319	615	9
616	617	556	241	238	414	359	86	583	8
252	251	618	54	557	86	319	261	6
588	619	620	566	557	238	7
598	319	486	621	52	100	622	2
36	623	4
624	509	625	626	2
627	119	5
557	86	319	486	628	1
629	2
20	630	5
65	631	557	86	632	3
633	573	634	3
100	257	509	7
509	635	592	341	591	636	319	2
572	573	4
100	637	261	342	4
65	592	636	319	2
86	557	2
638	100	3
557	86	639	2
640	641	1
625	3
234	235	86	3
20	640	642	1
643	6
636	644	643	66	515	643	2
509	39	2
265	167	3
86	556	300	3
69	265	39	13
509	645	646	647	648	649	26	650	651	598	344	652	653	4
86	654	36	26	6
265	631	509	459	613	592	1
681	6
2684	755	64	4040	1017	2066	7
190	3438	149	1540	283	3591	5496	7
567	664	74	664	432	5497	1365	8
796	1307	432	1498	4040	1326	509	4847	3
179	197	915	1
4119	3
3829	4139	432	12
4378	233	316	432	5498	3683	125	1365	78	316	74	1306	3
1121	1285	911	6
27	661	4952	296	5499	4119	8
1641	509	4951	915	4119	3392	3848	3864	2
661	1934	3
20	1724	1657	3
3864	1285	4397	2
3114	4791	1
2345	4
1256	5500	3281	1365	3
581	253	4	2
2208	116	2
459	5501	2
3864	4397	2
1258	4040	2
794	1756	3
757	39	1508	2
54	3816	3
560	3219	1354	2
740	171	2
14	48	3
359	1301	1452	3
796	1863	2882	4
117	27	661	645	1
39	4
1353	149	402	190	1
567	3
1354	1563	716	3
74	149	103	2
981	186	2
418	104	3
567	1095	757	2
279	86	1
825	1
1159	3
873	5	2860	2
296	57	1
5502	1
5503	3
20	1275	1238	3
3351	54	476	6
3376	4820	355	2246	506	72	3
933	3376	355	4
92	3376	636	687	6
232	5200	5504	1297	1111	149	3
29	82	353	1
60	1
222	5
1139	801	363	54	355	1
57	1
571	1
567	1
149	1
20	3
4503	2377	36	1
256	2
20	65	1
827	2
5505	2612	6
18	543	1637	2044	5506	1271	1
1277	5
3011	232	893	2278	2517	4
691	1238	893	507	4
999	4	3	174	1
3549	1
5507	4
668	886	54	353	2
740	1056	7
721	54	4503	515	661	233	222	1
1595	5
117	1106	4503	515	241	2
1315	3789	1
1825	2
626	5508	1
626	5
626	5509	3789	344	703	6
1099	233	1150	1315	647	5510	3
569	2685	827	6
515	1468	1999	5511	1106	5512	7
1315	241	3789	3256	137	113	1140	6
515	5513	702	517	805	111	1
92	1
116	1
5514	4
1243	2772	180	387	1
149	5
5515	1222	5516	2605	5517	1
1236	2
5518	3376	1
1236	2
413	2501	4
241	344	495	5519	1
1222	5
619	448	387	5519	335	1
836	6
1306	561	491	2054	3164	515	7
233	141	232	3683	233	125	570	1
190	1
20	2
5520	5521	2
740	1482	3
796	801	125	1
570	1
5522	2
691	5498	3
179	197	1238	1
5523	1
2716	3
406	60	2206	3
441	444	113	1
406	1
445	6
446	60	447	505	449	450	3
451	1405	452	1
453	2
33	456	1
571	9
117	3351	3395	86	248	1918	273	417	3395	1
1272	1
273	2
1574	39	9
2538	417	193	4915	742	3271	451	3925	3395	3
1121	1285	149	4
691	486	1666	26	5
3351	3925	2632	223	451	3
39	246	1757	2
629	5524	3
3351	3395	5525	2
27	571	5
3022	715	543	378	1774	1
5387	3
571	1325	912	1
826	1
3351	1
3925	1
571	4
3351	3395	86	248	4
296	806	621	1109	2
3351	3395	7
27	571	1210	3351	3395	5525	1285	2
5526	3925	1
122	1
857	3
571	1325	912	1
1403	1
3351	1
3925	2
655	571	4
5527	5528	3395	3925	5
570	451	3848	26	2019	2
740	1233	3
39	399	895	3
5	2860	3351	1
571	2
1275	476	1
3384	2
86	248	1
27	1
263	5
543	179	482	57	3395	2
3351	3925	1
571	2
5387	3395	3
3351	3395	5525	2
1121	3925	3
713	5529	3395	1
4718	1
571	6
3351	806	296	2860	54	256	5
543	451	467	1774	3395	1
117	2
1329	3351	2
296	57	6
3351	2004	243	5530	543	1411	3
2361	2	4056	9
3351	1238	5531	4722	5532	5533	3604	4740	4777	4
20	564	664	693	1
1273	2
1534	4733	4
5053	3843	36	356	2
467	570	2
691	277	7
1595	4056	470	5534	36	772	589	2
5535	910	8
20	794	14	1501	5536	3734	485	3333	6
740	197	1096	467	3	2526	1
1595	5
568	161	3734	485	2089	1
5537	9
543	4	917	5538	5539	815	163	3734	485	6
385	1075	3119	691	2528	910	2
385	691	1
517	1
36	3
2528	1416	782	7
3333	2380	1651	1935	637	1662	1075	6
255	543	1125	910	386	250	5
1240	542	3585	1222	831	1
20	4
2716	637	3734	485	8
279	5540	517	363	878	5539	5541	815	1
20	4
3864	1069	122	123	4
691	193	301	2676	3
874	1031	1474	1
1121	2
18	820	5
726	387	250	2974	3316	12
18	668	613	1330	5542	910	5543	2249	410	65	250	1329	6
197	3550	780	5339	909	910	3
2226	589	3300	1
693	5
193	236	385	5544	4397	3
818	2728	64	9
18	968	718	236	5545	3687	5542	1273	5546	1
336	6
370	5547	1718	279	5548	363	7
236	161	910	637	301	3734	485	5
5549	910	1057	5550	161	2
1268	522	2
522	3737	1
2450	1
2450	1
2450	3
2513	515	2450	3
3744	515	2450	1
2450	2
2139	2450	3
2139	515	2450	1
2450	1
1516	4
3734	485	2449	910	1
5551	2
5552	5550	1
5547	15
1718	917	878	2032	5553	1092	3734	485	910	92	5554	2450	193	5555	726	5
5556	2450	193	824	5557	2
5558	2139	8
20	515	2450	193	568	4537	1169	430	5
5559	2450	193	5560	2437	7
966	542	5561	878	636	3725	2885	7
3047	1222	5562	1831	976	1592	3118	1
4182	7
910	776	2447	1146	542	747	599	1
5563	9
709	3047	495	827	1576	5564	20	726	5565	2
3734	485	3
1758	637	5542	2
910	2364	3
279	1673	5081	1
5566	2
3745	2450	1
3712	1
3178	7
5567	515	730	903	86	596	1574	3
34	5568	1743	6
2612	4432	1236	5569	233	1109	1
2165	14
5570	5571	2434	2612	1574	2434	600	5561	5572	5573	2436	1092	5574	1018	4
5575	642	815	626	5
783	1069	1574	1642	428	1
2165	13
5576	5577	1205	1574	1268	522	3712	600	1592	1092	1172	4896	1222	1
2165	1
20	7
5578	1673	441	247	2612	1673	600	14
5579	1474	1574	1268	522	5580	600	3745	1113	1984	261	489	1138	209	2
385	1474	1
5581	15
20	583	637	3734	485	2885	2488	4743	3585	2612	4432	600	637	44	5574	7
747	759	3333	2488	800	189	370	1
399	9
64	3585	5582	5583	386	34	809	910	5584	12
3614	279	626	613	600	183	2488	2172	910	360	1220	1736	5
20	3734	485	863	2811	4
5585	385	179	281	12
423	1002	86	542	193	60	1075	1222	144	430	598	1646	4
1222	5562	1831	2031	7
1002	86	637	386	1445	5561	5586	1
116	9
5587	517	726	1020	5588	280	5589	910	637	14
910	2249	183	347	903	1595	483	5590	2808	86	542	421	895	20	2
399	96	15
750	891	1031	284	96	759	5529	26	1935	998	5591	20	5592	5547	1717	5
3591	5593	867	39	5594	4
4814	505	3585	542	10
279	750	38	718	1651	5595	1878	1089	2669	1483	2
5596	505	3
245	86	486	3
691	4	5597	1
116	1
5598	8
1740	1510	2327	39	72	279	5548	542	12
2742	982	189	190	4588	809	568	387	618	505	5599	118	4
179	197	5600	370	17
3601	277	1177	637	387	3333	726	646	5601	5602	600	1954	575	515	20	5603	776	1
57	1
3300	6
197	2226	589	3300	909	910	3
3550	780	5339	1
217	6
197	3550	780	5339	909	910	1
3550	4
19	1109	384	1143	1
780	4
5604	3333	2354	415	1
1092	1
527	2
637	831	4
1075	3471	1055	1805	2
910	829	4
1075	3471	1055	1805	2
637	831	2
3119	74	2
910	829	17
3119	74	149	485	363	758	193	3745	780	600	92	273	533	3774	5605	286	776	1
693	1
18	3
279	713	1500	1
5387	5
1863	186	54	498	459	1
54	3
1518	498	5606	2
236	237	4
5607	570	2	1331	1
4427	3
4413	4414	4415	9
20	273	527	3693	36	1582	26	36	4416	1
4427	7
1563	536	5	1743	3268	54	515	2
4962	4963	5
126	100	380	381	382	3
380	381	382	1
4964	2
4417	1020	3
2813	4344	11	1
167	1
4965	3
20	4966	4967	6
536	4968	323	2189	4969	623	9
3406	567	536	4970	26	17	3729	344	353	5
1377	2952	536	65	17	6
353	1501	4971	1494	522	2676	1
20	2
4972	4255	1
536	6
1500	1120	2452	323	4973	42	4
115	323	4973	26	2
323	4973	7
483	688	14	4974	172	54	515	6
1377	4975	1563	4976	726	1805	7
1488	4977	2434	2139	726	4978	1805	6
1944	846	335	2449	1649	715	4
54	293	4979	1203	2
1227	744	6
933	1567	778	2760	536	598	1
283	1
2676	1
20	2
2798	4980	3
1245	1998	4981	7
4982	4983	1168	4984	1177	1227	4985	3
1168	137	54	8
20	522	784	2452	3053	784	3390	74	10
2798	4980	660	1516	181	1567	1168	4984	4986	4966	2
2555	744	5
536	2487	2760	54	3874	5
1176	1682	713	4987	387	9
1172	536	54	3874	3352	2798	4988	283	1649	2
323	4973	3
356	4989	4990	1
623	3
20	4991	4992	2
2311	1168	8
279	193	425	363	3371	3843	786	60	2
1005	1852	2
3169	4990	4
276	1168	4352	269	2
20	4993	1
4994	1
1171	2
1168	4995	3
276	4996	4997	2
286	116	6
818	758	356	895	543	2493	2
1971	1567	4
279	233	1501	988	1
116	3
2822	4998	3950	7
2653	1293	653	4999	353	536	283	1
116	2
69	1745	6
915	135	818	726	1805	1147	1
116	3
356	3757	5000	3
2822	4998	1377	1
116	1
3411	1
116	8
2822	4998	2443	1563	3371	1805	726	3295	4
6	338	2863	2676	1
20	1
2885	7
5001	1805	336	5002	606	5003	786	3
676	418	2501	6
536	596	870	17	5	1743	11
366	536	4146	483	1207	1598	344	118	335	1805	820	8
878	536	262	636	600	2046	1992	653	2
5004	611	4
359	2645	515	1277	4
522	3758	2449	283	2
418	1355	4
575	1992	395	26	6
551	784	334	575	543	26	8
20	5005	1994	621	5006	5007	600	2469	11
5008	784	749	1377	5009	536	4970	26	5010	878	858	7
575	2252	4085	958	43	1743	977	10
5011	533	653	2417	547	353	1170	522	811	708	3
536	1120	3371	3
2789	2790	23	2
39	23	8
356	489	2833	451	1171	4971	1494	522	5
522	5012	502	973	5013	1
116	2
4255	436	1
116	3
2952	4357	5014	4
1377	5015	3894	11	2
955	186	7
536	4	864	323	4973	2354	2798	6
415	2798	4974	1501	1168	744	3
356	5016	5017	3
1377	5018	5019	3
4989	2789	2790	1
186	6
276	167	560	197	1171	2676	1
20	1
387	10
39	356	2502	1137	1171	5020	697	522	5021	391	1
4417	3
2813	4344	11	1
167	2
895	905	5
39	3664	2003	10	4961	3
5022	5023	2003	2
36	1105	4
4417	1020	36	1105	11
1277	5024	5025	5026	2114	4865	261	5027	5028	5029	2780	3
39	233	3664	4
2114	4865	4961	2944	7
334	5030	5031	5032	5033	386	1693	2
39	5031	5
5032	26	3664	1693	4961	7
665	2482	223	556	9	10	160	2
5034	11	1
5035	5
1999	3417	5031	2114	5036	7
832	536	2003	174	5037	5038	334	2
1163	7	10
600	3266	5039	3664	5027	2629	1965	2772	5040	805	8
832	160	276	39	86	3664	1225	1693	4
3614	347	832	5025	4
5025	90	535	309	13
39	4081	665	5031	5032	5041	556	9	10	160	347	2884	5031	2
2114	5036	9
2509	1935	9	10	5042	5043	65	5044	5031	1
5031	2
2114	4865	1
103	4
636	5045	1252	5031	3
5032	1153	1693	4
2098	3606	461	5027	1
5028	2
3739	167	3
665	2482	5031	2
5046	3376	4
92	461	5027	3606	11
367	3465	356	39	648	1550	596	5031	5032	1153	832	5
145	5047	2868	1693	1153	2
75	1748	5
347	9	10	858	5031	2
2114	5036	8
556	9	10	160	4096	39	386	2884	7
778	160	356	998	5025	1574	832	1
116	8
241	5025	3256	832	3664	2629	5033	1642	1
116	1
671	11
3685	489	827	5048	744	281	308	1552	5049	1153	2884	4
20	2447	621	5050	2
356	160	1
4417	3
2813	4344	11	1
167	2
895	905	3
4413	4414	4415	7
20	273	527	3693	36	1582	26	2
36	4416	2
4417	1020	2
36	4416	1
54	4
3693	4418	440	4419	2
2196	3295	3
4420	92	4421	5
396	1509	387	776	26	3
3169	4413	4414	3
279	396	4422	4
1582	2121	26	388	1
298	5
20	4420	527	3693	36	1
54	2
4423	14	3
4424	4425	3682	6
20	1019	2810	527	3693	36	6
899	180	3693	1566	527	4426	7
276	4427	15	4428	4053	4429	116	2
4430	1850	1
116	3
961	2234	273	1
116	1
4424	3
329	981	167	3
2840	489	1861	5
4431	527	666	4432	728	1
1854	1
116	1
4414	3
304	1685	26	3
20	4433	273	8
371	2337	167	1509	4434	26	7	4435	2
4436	4437	9
380	381	606	4438	2245	4439	4156	1648	4414	2
1758	4440	2
998	14	1
116	6
417	3849	107	1027	664	4441	1
116	1
276	5
4427	527	3693	1169	36	4
4420	4420	3082	167	4
4413	4414	342	3169	5
4442	4443	591	3169	4444	4
4407	4445	342	4446	1
55	5
3814	4447	342	3169	4448	6
54	1708	4449	591	3169	1763	5
1456	4450	591	3169	4451	4
3408	4452	28	591	3
3739	250	4453	3
756	4454	591	3
4455	515	4455	4
4456	4457	4458	3994	5
4459	4460	591	4334	4461	6
3702	4462	342	3169	4463	11	1
4464	1
576	4
4465	2500	591	4466	1
86	1
1138	6
4467	4468	342	3169	4467	4468	2
4305	4469	6
4470	2748	556	3169	4471	556	1
3789	4
3710	4472	342	3169	3
4473	250	4474	3
4475	4476	342	2
2363	749	1
250	2
4477	4474	6
54	693	694	3286	39	573	3
4478	4479	3286	2
1542	4480	5
213	342	3169	4480	600	6
54	4481	3135	591	3286	3056	1
4482	3
1456	4483	28	1
14	3
4484	14	4485	5
3710	4486	28	4334	4487	5
54	4456	4488	591	4334	2
279	1743	3
3623	4489	342	3
1302	749	4490	1
1302	5
4491	4492	28	4334	1325	1
874	2
1250	2457	6
756	4493	591	3286	4494	4495	4
54	1456	4496	4497	3
572	1169	4498	3
319	3574	4499	3
1456	4500	591	2
3192	422	5
4501	2279	591	4502	4503	5
765	4504	4505	250	246	3
786	615	4506	3
4507	4508	342	4
300	1627	652	573	4
266	4509	3169	4510	4
4511	4512	15	28	3
1743	250	4513	7
4514	4515	28	86	248	208	11	2
4516	4517	1
28	3
4518	4519	4520	3
1904	4521	591	2
4466	755	2
344	4466	3
54	1899	4522	4
4523	342	3169	1325	2
874	1250	2
2457	1315	1
652	2
54	1386	5
28	260	93	261	4524	4
54	3550	3404	4505	4
4525	319	54	293	1
14	7
54	3914	4526	28	4334	3219	4527	4
4528	4529	4530	2078	4
4531	4532	28	3169	1
2676	1
20	2
1743	4533	5
54	310	2707	28	591	1
556	2
4534	4535	3
1456	3578	591	3
4536	4537	1205	2
250	4538	6
54	3914	2279	591	3169	4539	1
4540	1
1205	4
4541	4542	4543	415	1
66	5
54	3550	4544	250	591	1
674	2
1205	3654	1
1646	4
54	4545	4546	28	3
654	319	4547	2
54	693	3
4548	4497	3748	3
4549	615	3752	2
4550	4551	6
2219	260	387	4552	1249	4553	4
20	241	527	3693	5
4420	3693	3082	167	4554	5
4511	4555	3169	1459	4556	5
1456	4557	342	4558	4073	8
1034	4127	15	4497	4334	4559	4560	4561	6
4562	4563	591	3169	4564	4565	5
4566	341	591	4560	4561	5
4470	4567	3169	4568	4073	5
4569	4570	591	4571	1323	6
4572	4573	3169	4574	241	1579	6
4575	4576	341	342	4577	4072	7
4578	4579	591	3169	4580	4482	4581	2
3168	4582	5
4583	591	3748	1579	1579	8
1034	4584	591	3286	4585	4586	207	2676	1
20	4
4587	4588	342	4581	2
4589	4581	7
4590	4591	246	248	3574	1977	4075	4
4592	4593	342	989	2
1318	989	6
4594	4595	591	4596	1205	4597	6
3710	4598	4334	4599	4600	1252	2
250	4556	2
1899	4601	4
4602	1898	3169	4603	1
4604	2
4605	2081	5
3625	4606	3169	1111	2167	2
1203	4556	6
765	1692	3169	1252	522	11	2
527	4556	5
4607	5	3169	4608	4556	4
4609	4610	341	342	3
3169	4490	1302	2
2377	4073	5
2169	3872	1376	4611	634	6
3362	4612	591	2813	4613	11	1
823	1
3155	1
4071	1
3362	4
1082	4334	4614	4556	5
4615	4616	591	4617	4618	8
4619	4620	4621	246	248	4622	388	4580	4
4623	2707	250	341	3
591	1251	4556	2
4624	4625	1
4626	6
4627	341	342	4628	4629	3106	5
4630	4631	591	4632	1323	4
4633	4634	86	4635	3
3286	4636	201	5
4637	4638	591	4639	1323	6
4640	4641	3169	4642	250	4643	6
4644	4645	1376	4646	4560	4561	7
4647	4648	568	86	4473	4580	4580	4
1904	4649	1579	4650	2
359	4651	1
791	1
1579	3
4652	4653	1722	6
4654	248	568	4655	4656	2081	2
4657	4658	3
4659	250	341	3
591	1251	4556	6
4660	4661	4662	3169	4663	4556	6
4664	4665	3169	4665	250	4075	7
4666	4667	591	3169	652	4668	4669	7
4670	4671	86	248	4672	4074	4074	7
4511	4673	342	4674	250	4560	4561	5
4675	2699	591	4676	2938	2
4677	4678	6
4679	1376	3169	4680	4681	4073	1
4682	1
4683	4
4684	591	4685	4686	2
1757	4687	6
4688	4689	4690	341	342	1325	1
874	3
1250	4691	201	4
4590	4692	3169	4556	3
4693	4694	646	2
248	633	1
4695	7
5051	5052	1376	3169	3360	4697	997	4
2278	329	190	543	2
279	4960	2
236	237	1
4427	7
1563	536	5	1743	3268	54	515	3
380	381	382	5
39	3664	2003	10	4961	2
36	1105	3
4413	4414	4415	9
20	273	527	3693	36	1582	26	36	4416	1
4427	7
1563	536	5	1743	3268	54	515	2
4962	4963	5
126	100	380	381	382	3
380	381	382	1
4964	2
4417	1020	3
2813	4344	11	1
167	1
4965	3
20	4966	4967	6
536	4968	323	2189	4969	623	9
3406	567	536	4970	26	17	3729	344	353	5
1377	2952	536	65	17	6
353	1501	4971	1494	522	2676	1
20	2
4972	4255	1
536	6
1500	1120	2452	323	4973	42	4
115	323	4973	26	2
323	4973	7
483	688	14	4974	172	54	515	6
1377	4975	1563	4976	726	1805	7
1488	4977	2434	2139	726	4978	1805	6
1944	846	335	2449	1649	715	4
54	293	4979	1203	2
1227	744	6
933	1567	778	2760	536	598	1
283	1
2676	1
20	2
2798	4980	3
1245	1998	4981	7
4982	4983	1168	4984	1177	1227	4985	3
1168	137	54	8
20	522	784	2452	3053	784	3390	74	10
2798	4980	660	1516	181	1567	1168	4984	4986	4966	2
2555	744	5
536	2487	2760	54	3874	5
1176	1682	713	4987	387	9
1172	536	54	3874	3352	2798	4988	283	1649	2
323	4973	3
356	4989	4990	1
623	3
20	4991	4992	2
2311	1168	8
279	193	425	363	3371	3843	786	60	2
1005	1852	2
3169	4990	4
276	1168	4352	269	2
20	4993	1
4994	1
1171	2
1168	4995	3
276	4996	4997	2
286	116	6
818	758	356	895	543	2493	2
1971	1567	4
279	233	1501	988	1
116	3
2822	4998	3950	7
2653	1293	653	4999	353	536	283	1
116	2
69	1745	6
915	135	818	726	1805	1147	1
116	3
356	3757	5000	3
2822	4998	1377	1
116	1
3411	1
116	8
2822	4998	2443	1563	3371	1805	726	3295	4
6	338	2863	2676	1
20	1
2885	7
5001	1805	336	5002	606	5003	786	3
676	418	2501	6
536	596	870	17	5	1743	11
366	536	4146	483	1207	1598	344	118	335	1805	820	8
878	536	262	636	600	2046	1992	653	2
5004	611	4
359	2645	515	1277	4
522	3758	2449	283	2
418	1355	4
575	1992	395	26	6
551	784	334	575	543	26	8
20	5005	1994	621	5006	5007	600	2469	11
5008	784	749	1377	5009	536	4970	26	5010	878	858	7
575	2252	4085	958	43	1743	977	10
5011	533	653	2417	547	353	1170	522	811	708	3
536	1120	3371	3
2789	2790	23	2
39	23	8
356	489	2833	451	1171	4971	1494	522	5
522	5012	502	973	5013	1
116	2
4255	436	1
116	3
2952	4357	5014	4
1377	5015	3894	11	2
955	186	7
536	4	864	323	4973	2354	2798	6
415	2798	4974	1501	1168	744	3
356	5016	5017	3
1377	5018	5019	3
4989	2789	2790	1
186	6
276	167	560	197	1171	2676	1
20	1
387	10
39	356	2502	1137	1171	5020	697	522	5021	391	1
4417	3
2813	4344	11	1
167	2
895	905	5
39	3664	2003	10	4961	3
5022	5023	2003	2
36	1105	4
4417	1020	36	1105	11
1277	5024	5025	5026	2114	4865	261	5027	5028	5029	2780	3
39	233	3664	4
2114	4865	4961	2944	7
334	5030	5031	5032	5033	386	1693	2
39	5031	5
5032	26	3664	1693	4961	7
665	2482	223	556	9	10	160	2
5034	11	1
5035	5
1999	3417	5031	2114	5036	7
832	536	2003	174	5037	5038	334	2
1163	7	10
600	3266	5039	3664	5027	2629	1965	2772	5040	805	8
832	160	276	39	86	3664	1225	1693	4
3614	347	832	5025	4
5025	90	535	309	13
39	4081	665	5031	5032	5041	556	9	10	160	347	2884	5031	2
2114	5036	9
2509	1935	9	10	5042	5043	65	5044	5031	1
5031	2
2114	4865	1
103	4
636	5045	1252	5031	3
5032	1153	1693	4
2098	3606	461	5027	1
5028	2
3739	167	3
665	2482	5031	2
5046	3376	4
92	461	5027	3606	11
367	3465	356	39	648	1550	596	5031	5032	1153	832	5
145	5047	2868	1693	1153	2
75	1748	5
347	9	10	858	5031	2
2114	5036	8
556	9	10	160	4096	39	386	2884	7
778	160	356	998	5025	1574	832	1
116	8
241	5025	3256	832	3664	2629	5033	1642	1
116	1
671	11
3685	489	827	5048	744	281	308	1552	5049	1153	2884	4
20	2447	621	5050	2
356	160	1
4417	3
2813	4344	11	1
167	2
895	905	3
4413	4414	4415	7
20	273	527	3693	36	1582	26	2
36	4416	2
4417	1020	2
36	4416	1
54	4
3693	4418	440	4419	2
2196	3295	3
4420	92	4421	5
396	1509	387	776	26	3
3169	4413	4414	3
279	396	4422	4
1582	2121	26	388	1
298	5
20	4420	527	3693	36	1
54	2
4423	14	3
4424	4425	3682	6
20	1019	2810	527	3693	36	6
899	180	3693	1566	527	4426	7
276	4427	15	4428	4053	4429	116	2
4430	1850	1
116	3
961	2234	273	1
116	1
4424	3
329	981	167	3
2840	489	1861	5
4431	527	666	4432	728	1
1854	1
116	1
4414	3
304	1685	26	3
20	4433	273	8
371	2337	167	1509	4434	26	7	4435	2
4436	4437	9
380	381	606	4438	2245	4439	4156	1648	4414	2
1758	4440	2
998	14	1
116	6
417	3849	107	1027	664	4441	1
116	1
276	5
4427	527	3693	1169	36	4
4420	4420	3082	167	4
4413	4414	342	3169	5
4442	4443	591	3169	4444	4
4407	4445	342	4446	1
55	5
3814	4447	342	3169	4448	6
54	1708	4449	591	3169	1763	5
1456	4450	591	3169	4451	4
3408	4452	28	591	3
3739	250	4453	3
756	4454	591	3
4455	515	4455	4
4456	4457	4458	3994	5
4459	4460	591	4334	4461	6
3702	4462	342	3169	4463	11	1
4464	1
576	4
4465	2500	591	4466	1
86	1
1138	6
4467	4468	342	3169	4467	4468	2
4305	4469	6
4470	2748	556	3169	4471	556	1
3789	4
3710	4472	342	3169	3
4473	250	4474	3
4475	4476	342	2
2363	749	1
250	2
4477	4474	6
54	693	694	3286	39	573	3
4478	4479	3286	2
1542	4480	5
213	342	3169	4480	600	6
54	4481	3135	591	3286	3056	1
4482	3
1456	4483	28	1
14	3
4484	14	4485	5
3710	4486	28	4334	4487	5
54	4456	4488	591	4334	2
279	1743	3
3623	4489	342	3
1302	749	4490	1
1302	5
4491	4492	28	4334	1325	1
874	2
1250	2457	6
756	4493	591	3286	4494	4495	4
54	1456	4496	4497	3
572	1169	4498	3
319	3574	4499	3
1456	4500	591	2
3192	422	5
4501	2279	591	4502	4503	5
765	4504	4505	250	246	3
786	615	4506	3
4507	4508	342	4
300	1627	652	573	4
266	4509	3169	4510	4
4511	4512	15	28	3
1743	250	4513	7
4514	4515	28	86	248	208	11	2
4516	4517	1
28	3
4518	4519	4520	3
1904	4521	591	2
4466	755	2
344	4466	3
54	1899	4522	4
4523	342	3169	1325	2
874	1250	2
2457	1315	1
652	2
54	1386	5
28	260	93	261	4524	4
54	3550	3404	4505	4
4525	319	54	293	1
14	7
54	3914	4526	28	4334	3219	4527	4
4528	4529	4530	2078	4
4531	4532	28	3169	1
2676	1
20	2
1743	4533	5
54	310	2707	28	591	1
556	2
4534	4535	3
1456	3578	591	3
4536	4537	1205	2
250	4538	6
54	3914	2279	591	3169	4539	1
4540	1
1205	4
4541	4542	4543	415	1
66	5
54	3550	4544	250	591	1
674	2
1205	3654	1
1646	4
54	4545	4546	28	3
654	319	4547	2
54	693	3
4548	4497	3748	3
4549	615	3752	2
4550	4551	6
2219	260	387	4552	1249	4553	4
20	241	527	3693	5
4420	3693	3082	167	4554	5
4511	4555	3169	1459	4556	5
1456	4557	342	4558	4073	8
1034	4127	15	4497	4334	4559	4560	4561	6
4562	4563	591	3169	4564	4565	5
4566	341	591	4560	4561	5
4470	4567	3169	4568	4073	5
4569	4570	591	4571	1323	6
4572	4573	3169	4574	241	1579	6
4575	4576	341	342	4577	4072	7
4578	4579	591	3169	4580	4482	4581	2
3168	4582	5
4583	591	3748	1579	1579	8
1034	4584	591	3286	4585	4586	207	2676	1
20	4
4587	4588	342	4581	2
4589	4581	7
4590	4591	246	248	3574	1977	4075	4
4592	4593	342	989	2
1318	989	6
4594	4595	591	4596	1205	4597	6
3710	4598	4334	4599	4600	1252	2
250	4556	2
1899	4601	4
4602	1898	3169	4603	1
4604	2
4605	2081	5
3625	4606	3169	1111	2167	2
1203	4556	6
765	1692	3169	1252	522	11	2
527	4556	5
4607	5	3169	4608	4556	4
4609	4610	341	342	3
3169	4490	1302	2
2377	4073	5
2169	3872	1376	4611	634	6
3362	4612	591	2813	4613	11	1
823	1
3155	1
4071	1
3362	4
1082	4334	4614	4556	5
4615	4616	591	4617	4618	8
4619	4620	4621	246	248	4622	388	4580	4
4623	2707	250	341	3
591	1251	4556	2
4624	4625	1
4626	6
4627	341	342	4628	4629	3106	5
4630	4631	591	4632	1323	4
4633	4634	86	4635	3
3286	4636	201	5
4637	4638	591	4639	1323	6
4640	4641	3169	4642	250	4643	6
4644	4645	1376	4646	4560	4561	7
4647	4648	568	86	4473	4580	4580	4
1904	4649	1579	4650	2
359	4651	1
791	1
1579	3
4652	4653	1722	6
4654	248	568	4655	4656	2081	2
4657	4658	3
4659	250	341	3
591	1251	4556	6
4660	4661	4662	3169	4663	4556	6
4664	4665	3169	4665	250	4075	7
4666	4667	591	3169	652	4668	4669	7
4670	4671	86	248	4672	4074	4074	7
4511	4673	342	4674	250	4560	4561	5
4675	2699	591	4676	2938	2
4677	4678	6
4679	1376	3169	4680	4681	4073	1
4682	1
4683	4
4684	591	4685	4686	2
1757	4687	6
4688	4689	4690	341	342	1325	1
874	3
1250	4691	201	4
4590	4692	3169	4556	3
4693	4694	646	2
248	633	1
4695	7
5051	5052	1376	3169	3360	4697	997	1
5608	2
197	3851	2
20	39	1
831	2
236	237	1
831	1
831	1
831	8
1258	54	26	567	1365	664	2066	831	1
877	1
831	1
831	5
96	255	117	2979	831	1
5609	2
2751	123	1
5163	1
5150	2
189	190	1
831	1
5610	3
691	193	255	1
740	1
831	4
1079	798	5611	283	1
27	1
831	1
831	2
752	5612	1
5208	1
831	3
5613	5614	1474	1
1474	1
874	1
831	2
5615	2796	1
956	1
831	1
186	1
2797	1
831	4
2185	806	1258	170	6
18	689	498	1952	670	744	11
219	5616	133	2318	186	5617	5618	5619	5620	768	4554	4
283	3559	1244	1215	11
126	5621	1147	2408	451	3559	708	494	186	133	1666	7
232	1998	5622	945	873	895	1207	11
911	5036	5623	5624	4571	3195	3422	3559	708	895	1685	4
691	193	1177	5007	3
2204	1688	1234	1
5625	5
1236	3732	14	402	768	3
279	166	3566	5
5622	113	2747	466	1234	1
5625	1
1236	1
1681	20
3566	1867	27	430	1828	3	1501	1281	4342	219	5616	133	2318	186	5617	5618	5619	5620	768	4554	4
283	3559	1244	1215	4
126	5621	1147	2408	5
451	3559	708	494	186	2
133	1666	7
232	1998	5622	945	873	895	1207	11
911	5036	5623	5624	4571	3195	3422	3559	708	895	1685	3
691	193	1177	1
5007	3
2204	1688	1234	1
5625	4
1236	3732	14	402	1
768	3
279	166	3566	5
5622	113	2747	466	1234	1
5625	1
1236	1
1681	1
3566	6
1867	27	430	1828	3	1501	2
1281	4342	7
20	1019	5616	5626	5627	543	2455	1
1355	3
1169	3546	209	3
3114	294	696	8
704	3237	26	5628	391	144	1355	116	1
1315	1
54	6
1254	115	905	274	451	1355	3
137	359	1729	1
1247	13
1305	1891	1811	5629	4896	2340	3108	5630	2646	5631	145	755	1305	3
1371	3108	5630	8
2860	1913	5632	940	486	145	755	3585	1
1305	2
1371	11	2
3108	5630	8
5633	754	137	5631	486	145	755	3585	1
1305	2
1371	11	2
3108	5630	1
1267	4
308	1828	4347	4	1
801	5
232	5627	1376	785	3143	4
1718	5634	5635	4344	1
27	2
1828	26	3
696	294	1079	3
466	170	103	7
5636	5637	5638	261	785	3143	113	2
5639	5640	2
246	248	4
186	636	955	5638	6
193	467	1159	2658	1981	273	5
3251	1072	5638	3219	383	2
2658	3252	3
277	3174	3218	1
1971	3
561	4354	821	1
116	4
12	5641	5642	5643	3
4061	438	5644	4
3725	4061	5645	5646	10
3864	4466	933	5647	5648	1819	5649	5650	5651	2249	4
4061	451	5652	725	5
54	293	14	1278	116	1
2361	1
5653	5
54	293	1608	1278	116	2
5651	4094	1
116	1
1234	1
5654	1
1236	3
723	70	1766	6
1501	5655	1184	876	618	1363	2
212	4705	1
50	2
740	801	4
27	351	1553	2407	2
301	5626	1
5241	1
1276	2
236	237	5
501	490	186	5656	4772	3
360	723	755	5
189	190	193	929	1553	3
1571	1553	1553	4
5657	585	1175	17	8
451	271	467	507	1452	277	5658	271	1
374	1
2848	2
5222	5241	2
1828	3574	1
196	1
2848	2
153	5659	1
102	1
2848	2
1004	3872	1
170	1
2848	2
5626	5177	1
1363	1
2848	2
756	2753	1
1930	1
2848	3
5660	2625	5661	1
437	1
2848	4
5662	5663	5664	5665	1
374	1
2848	2
5666	11	1
2748	1
196	1
2848	2
679	5667	1
102	1
2848	3
4355	5668	4528	1
2227	1
170	1
2848	4
787	5669	1034	1325	1
5670	1
1363	1
2848	2
5671	3020	2
5672	5673	4
5674	5675	5676	5677	1
1930	1
2848	12
1185	5678	5679	5680	5681	5182	3317	2016	4662	5679	5680	437	1
2848	3
5682	5683	5684	1
374	1
2848	5
5685	213	2878	1456	5238	1
196	1
2848	2
5686	5687	1
102	1
2848	5
3420	2279	130	5688	2279	1
170	1
1341	2
20	3696	1
1363	2
1341	116	2
4559	5689	2
1716	1778	4
1624	5690	5690	4337	2
5691	5692	2
5693	5694	1
1930	3
1341	2407	5695	1
27	2
765	5696	3
39	1516	422	1
1303	2
20	108	2
3989	3624	3
3989	351	284	4
3989	54	293	283	2
102	1363	3
981	373	4713	2
1930	196	3
981	2736	5697	2
279	190	1
1303	3
1612	755	108	1
279	2
14	179	1
1930	1
277	3
20	1393	1180	1
277	3
20	1393	1180	2
279	564	3
872	5698	237	3
796	794	747	4
2860	757	237	4713	6
3989	43	102	1307	1169	2546	1
1912	2
3989	3624	3
505	1106	613	3
3990	211	299	3
655	681	3672	3
20	14	1748	2
4138	4916	5
137	48	359	819	769	1
5699	4
1236	664	487	92	1
1891	1
4713	2
315	3606	3
543	3422	5700	3
1277	117	757	1
796	2
20	1079	4
179	2697	2232	487	2
5701	776	5
1813	158	5699	48	4503	8
5702	4374	2545	113	60	1229	48	5703	1
1813	2
158	508	1
1020	2
48	54	1
283	8
1501	48	511	137	2934	895	48	1553	5
5704	2546	436	1388	981	3
1388	3984	74	2
2546	436	2
402	3425	3
2987	645	4078	2
379	1366	2
3	5705	5
559	5449	4713	836	2159	4
4043	713	716	1388	2
757	559	1
5449	3
1870	54	422	2
3239	14	8
796	233	230	3450	247	1637	4713	5706	4
5020	1230	5707	5708	3
255	5707	4295	4
1230	5020	1007	5709	1
796	3
109	4955	1329	1
5710	1
5711	1
1523	3
491	742	3606	3
5712	366	5713	14
18	243	5713	5714	3	664	5713	273	5715	5713	5716	48	1585	940	1
11	3
3614	5715	5713	5
284	5712	1981	284	5715	3
5713	5699	542	1
1561	6
1242	1107	5713	123	1388	5717	1
3340	6
1388	5717	5712	5718	677	631	1
3251	4
2747	5699	1786	5719	1
831	1
1651	2
1867	665	5
5720	296	836	3395	1501	4
699	776	5721	645	3
20	14	2046	1
5722	3
999	3239	981	3
5723	4713	11	2
2092	531	1
5724	8
20	870	5725	4735	5726	4797	5727	5728	5
487	92	5729	531	5730	2
5731	4713	4
74	1285	1230	1430	2
1434	5732	1
857	1
1020	3
796	3416	5360	1
857	1
1020	2
699	735	2
4860	5733	2
713	432	6
958	531	402	190	5734	1111	1
2474	3
487	92	5658	1
1524	2
675	5735	3
678	5736	1281	1
664	4
759	645	5737	1977	4
179	664	665	5699	1
1236	1
831	1
1828	4
4078	5697	2474	665	7
5697	825	432	210	531	92	1132	1
5526	7
5733	432	858	296	1079	858	1652	1
432	5
5738	386	1813	531	2092	3
27	48	5699	1
1236	1
5699	3
1236	48	486	3
279	543	48	2
48	895	2
451	2204	2
1766	5699	1
1236	8
5699	3349	1813	5739	300	2754	650	5740	1
128	2
806	451	3
454	1981	116	2
1027	716	5
3011	454	256	5713	5714	1
11	1
831	1
1020	1
5699	2
895	905	3
655	681	3672	4
758	193	5699	3	3
3322	1622	2340	1
5658	2
425	1622	1
1125	9
1241	4713	5725	1653	4713	858	864	1105	858	1
5699	2
1867	858	3
20	5741	959	3
1013	4713	5699	1
1236	3
543	179	116	1
5699	1
1867	1
5742	2
796	190	3
402	1867	858	1
895	8
1870	5699	1867	858	5743	2092	559	5449	1
5310	3
4713	543	618	3
5744	5619	687	1
735	1
4953	1
55	3
5745	678	1079	2
48	54	1
283	8
1501	48	511	137	2934	895	48	1553	1
691	1
1020	3
5746	137	116	2
329	4021	4
279	71	3610	5747	1
5748	1
5749	7
20	1276	4797	543	5750	5751	5752	1
27	3
5746	5753	3210	1
691	1
1020	2
3	4021	2
5754	5755	1
5756	1
5757	3
1516	4580	1387	6
5724	1666	5758	5759	380	5760	1
5761	4
5619	2124	488	4580	5
1637	5762	5763	5764	5761	2
796	550	3
18	1516	4580	1
5765	1
5757	4
5766	3099	4686	4559	4
371	3099	4686	26	3
1276	1230	5767	3
1230	54	5768	4
4791	5769	1031	5770	1
1120	3
5771	5772	5758	4
3542	5773	5478	5774	1
5775	3
5776	2237	5777	3
5712	366	5713	8
18	243	5713	5714	3	664	5713	273	7
5715	2398	1284	5713	5716	48	1585	1
940	3
3614	5715	5713	5
284	5712	1981	284	5715	3
5713	5699	542	1
1561	6
1242	1107	5713	123	1388	5717	1
3340	6
1388	5717	5712	5718	677	631	1
3251	4
2747	5699	1786	5719	1
831	2
1867	665	5
5720	296	836	3395	1501	4
699	776	5721	645	1
5778	1
5779	2
618	3138	3
137	5780	664	4
796	5781	210	5782	1
5735	1
5783	1
723	5
1819	5784	5725	3106	5785	1
5786	4
645	4342	5787	3864	2
487	92	1
1891	1
5658	4
179	664	665	5699	1
1236	1
1828	5
137	124	2194	1146	5788	2
396	5789	1
583	2
580	2194	2
230	580	1
1627	5
702	396	5790	119	3340	2
1122	2194	1
4713	1
1503	5
2998	2008	940	4860	5659	1
4000	5
5791	2526	1284	26	316	2
911	2410	1
5792	3
27	48	5699	1
1236	1
5699	3
1236	48	486	3
279	543	48	2
48	895	2
451	2204	2
1766	5699	1
1236	8
5699	3349	1813	5739	300	2754	650	5740	1
128	2
806	451	3
454	1981	116	2
1027	716	5
3011	454	256	5713	5714	2
5793	831	1
1020	1
5699	2
895	905	2
2006	5699	1
1236	4
755	48	422	1229	1
5699	9
1236	1641	527	668	2209	359	735	4482	723	2
4713	905	2
3606	905	1
1622	1
48	5
5	14	137	96	1257	7
117	3239	158	237	269	1766	2670	6
4	1257	1766	2670	60	422	1
1222	5
249	253	664	48	422	18
428	2375	1148	74	5739	90	1854	2155	1180	1278	230	542	895	696	422	759	60	5699	13
1236	124	1754	5713	5714	4806	511	366	5713	2547	2245	48	54	1
1262	2
1246	769	3
27	1786	5699	4
1236	755	48	422	1
5699	3
1236	48	486	4
895	1284	895	536	1
874	1
20	5
179	197	1238	280	5699	1
1236	5
5794	5795	5713	1644	1644	3
3536	1312	3672	1
2006	5
20	187	5794	5795	5713	1
5796	12
20	4915	1782	5794	542	117	1207	1285	133	583	5725	4554	2
391	2545	1
1422	4
796	4	5797	72	4
1870	2333	1688	836	1
5713	4
48	1363	2909	43	2
437	374	2
20	273	1
1284	3
279	2295	2246	1
301	1
2785	2
604	5620	8
1642	5795	5713	631	4820	5620	486	1558	2
1147	432	2
5798	5799	1
5798	3
5800	5801	5799	2
5802	5803	2
5804	1227	1
5804	3
4108	5805	1227	2
4127	4273	2
3105	3210	1
3105	3
5806	3210	430	2
5807	5808	2
5809	5810	1
5811	2
5812	5810	2
3294	5813	3
54	293	5814	1
54	3
957	5815	5814	2
5816	5817	3
4543	1483	4005	1
5818	3
1186	5819	2330	2
2797	4003	4
1387	1185	2243	5820	1
1387	3
5821	1185	2243	2
1186	5822	2
5823	3822	1
5823	5
5591	5786	5824	4004	4342	2
4107	5825	1
2785	2
604	5826	3
3566	3105	1930	1
316	2
20	296	3
4855	1174	4141	2
5827	2528	3
2670	5828	3105	1
5806	2
1185	2243	3
1186	5822	3105	1
5806	1
1387	2
5821	3105	1
5806	1
2743	3
1186	5829	3105	1
5806	3
5824	4004	4342	3
4107	5825	3105	1
5806	1
5823	3
5591	5786	3105	1
5806	1
2785	3
15	5830	1281	10
768	2362	4599	3311	4797	5831	461	1364	4707	619	1
5832	1
5021	5
1285	1364	958	432	633	2
5021	4121	1
54	3
957	5815	5814	2
5816	5817	1
5833	3
5816	5834	5814	2
5816	5817	1
2785	2
5746	55	7
5795	5713	1641	1276	958	14	4342	1
911	1
432	2
1285	5810	2
48	5810	5
5835	4342	5836	3725	1891	2
5837	5838	5
836	5839	5746	5840	133	1
5841	2
4933	5842	1
461	4
20	5839	5843	5810	2
279	189	3
1644	1262	1207	7
459	604	5620	768	1363	531	5809	4
316	2408	494	5810	2
20	721	2
359	391	3
5844	5753	5746	7
585	1425	418	4703	5845	1302	5846	5
20	687	92	149	5847	3
5848	4808	2974	1
796	5
1161	687	5849	5850	5556	3
5810	355	5753	4
5753	610	1494	2728	2
20	296	4
668	1105	799	1320	1
1365	3
1285	225	2801	1
796	3
2114	4865	2801	1
5027	3
796	233	911	2
20	3326	8
5753	5851	5852	4702	5853	415	1994	381	1
5854	3
522	5855	5810	2
3294	5813	1
5856	3
3067	5857	5810	2
3294	5813	1
5858	3
5859	1667	5810	2
3294	5813	1
5860	3
4108	5861	5810	2
3294	5813	1
5862	3
3067	5863	5810	2
3294	5813	1
3872	3
1310	1744	5810	2
3294	5813	1
5864	3
5816	5865	5810	2
3294	5813	1
5866	3
5867	5248	5810	2
3294	5813	2
498	5868	3
5869	5537	5810	2
3294	5813	1
5870	3
522	5871	5810	2
3294	5813	1
5872	3
3067	2146	5810	2
3294	5813	1
5873	3
3873	5874	5810	2
3294	5813	2
54	2498	3
957	5875	5810	2
3294	5813	1
5876	3
5816	5877	5810	2
3294	5813	3
5807	5808	5810	2
3294	5813	2
432	391	6
117	1870	664	5794	5795	5713	1
3251	1
2785	2
5794	905	1
2785	2
5713	92	7
322	5878	139	84	2546	753	3512	4
2546	753	775	5879	1
914	3
5880	2798	5881	3
5880	3649	4482	2
5882	5883	2
827	1811	1
2546	1
5794	1
1236	5
5884	48	1721	437	374	3
1838	5794	936	3
5713	2398	1284	3
1867	836	363	5
20	1229	1222	2574	1229	2
5713	5794	1
1236	5
300	5885	60	274	723	2
1642	5794	1
1236	3
74	5886	78	2
1842	1085	3
92	753	1085	1
753	2
5887	350	6
1085	256	5887	1017	14	723	1
948	1
2785	2
1754	5888	3
451	3256	929	6
193	451	5794	5795	5713	113	1
5889	1
678	2
5888	422	3
911	301	1072	5
1177	5797	6	72	4866	5
233	511	3256	1782	299	1
2785	2
4417	113	3
237	887	4417	5
3518	515	5794	1891	716	1
469	1
60	1
5890	3
1524	237	887	1
2793	2
449	450	1
2785	1
1608	2
2155	237	2
1190	5891	7
1912	715	879	285	1111	5892	1388	3
5893	1148	5894	3
1957	4342	4713	3
74	5895	5896	6
4713	86	891	1565	1758	4713	2
261	508	3
1500	467	1303	1
873	1
5897	2
236	237	2
20	3512	10
570	558	359	914	285	316	39	2554	1306	1143	4
3512	1180	72	4713	3
189	190	3	1
759	1
27	1
5891	4
422	98	660	1912	7
5898	4482	5899	186	2797	1111	5892	3
1325	1381	1273	3
1668	5900	5892	4
1171	5901	1171	20	4
1305	3616	2646	3416	2
5902	3978	1
234	5
4713	5899	5903	4713	5904	1
5905	2
1111	3874	1
5906	2
623	5907	2
5740	64	4
5908	532	5909	5904	4
1511	1797	4255	69	6
5898	4482	1111	5892	186	2797	4
1325	4117	5892	1273	2
1668	5900	4
1171	20	1171	5901	4
1102	3616	2646	3416	2
5902	3978	1
234	1
186	2
2797	5910	1
5864	1
5816	1
759	2
3022	5911	1
2797	1
759	1
5873	1
3873	1
759	2
54	5912	1
559	1
759	2
5913	4898	1
5816	4
428	12	5914	5915	2
4321	2058	1
13	2
39	23	5
3606	5916	1430	1431	1186	3
1105	3252	1891	1
5917	2
858	5740	1
5918	2
5740	64	3
4321	2058	5919	2
5	54	2
5920	3762	4
39	1516	422	167	1
5921	2
769	151	3
1072	2330	230	2
5922	5923	1
2786	5
543	2526	255	1528	1757	2
385	907	3
189	5924	190	1
27	1
295	2
2155	4362	1
3869	2
2155	4362	1
3869	1
5925	2
5926	1828	1
5927	1
5925	2
5926	1828	5
366	5899	5928	2175	1571	2
1625	1842	4
451	51	1140	1571	2
858	366	1
5929	2
2014	5899	2
1019	1085	1
948	4
2357	5930	1229	1159	2
277	1072	1
5927	2
236	237	6
543	1116	171	5931	3566	1745	1
4384	1
3624	1
11	2
2410	359	5
543	193	5932	3566	5931	1
3566	1
1116	4
747	2367	5933	137	2
5645	3864	1
631	2
20	4743	2
5934	1494	1
5516	5
211	5933	4338	494	116	3
2232	5935	5936	1
116	5
494	5937	1992	1259	5938	1
5645	2
3864	4554	2
631	5708	1
5939	2
1637	2345	1
283	2
4094	573	3
5933	4094	5939	2
2456	4739	1
573	2
1813	430	2
655	681	1
5940	4
963	6	1257	107	3
1565	1584	467	2
1938	4793	3
477	1503	769	1
1422	9
667	4793	14	135	5941	6	5942	3252	678	6
128	806	232	5941	542	422	2
945	1303	2
301	72	6
5941	542	422	945	1079	1971	1
1930	1
435	6
837	1180	75	1258	3	128	3
27	735	5941	1
1282	3
5941	542	422	2
2246	3937	1
5941	1
5925	2
5926	1828	1
1202	6
18	794	506	5926	5943	1355	5
18	588	692	273	422	2
284	237	1
170	1
1355	3
801	1729	116	2
5944	3833	1
280	5
796	117	230	1666	237	1
588	3
895	894	383	2
667	1159	1
116	2
5945	1766	2
3251	116	1
5628	2
3251	116	1
4118	5
796	383	1661	193	116	1
27	1
4764	1
116	3
5946	418	383	2
3251	116	1
4118	1
1127	3
351	117	116	2
3126	2333	1
5947	1
5947	3
543	3251	4255	3
265	54	273	1
1563	4
279	1583	237	273	6
1275	5744	5945	2834	237	116	1
1622	3
279	418	534	1
147	1
116	1
1622	2
1072	116	1
1754	1
27	2
4764	5948	1
993	2
5949	1318	2
1401	4940	1
5555	1
2797	1
5927	3
5505	3543	363	2
74	116	3
543	5950	74	3
5951	3834	5952	1
363	5
5744	5505	1277	3894	116	1
5953	1
3624	2
48	116	3
3937	357	14	1
116	4
20	5954	371	12	2
18	1238	3
4707	5955	511	6
5956	107	4079	3600	5957	1688	4
5958	354	5532	116	2
5505	5959	2
1685	633	1
2637	6
5960	3583	955	54	4707	1598	3
92	664	749	3
141	1584	2614	2
5961	849	1
759	2
668	116	1
4384	4
279	757	2194	849	3
2006	5505	3543	2
2006	116	2
363	116	2
5505	3543	1
116	1
2004	3
3378	54	116	1
5505	2
1229	1222	2
2377	116	1
4423	2
1666	26	9
740	814	1329	265	1445	679	5962	2377	116	1
5963	1
3408	2
5964	1215	1
26	3
319	4484	2333	3
679	588	116	1
5965	1
116	1
265	4
20	5966	1222	4484	3
1736	5954	371	4
14	679	812	116	1
5967	1
116	4
149	498	744	116	2
4707	2796	1
116	1
54	1
116	1
5965	6
193	4860	769	618	3108	4707	4
151	52	117	116	2
4707	2796	1
116	1
5954	2
4860	1276	2
5968	276	1
116	2
5969	5970	1
116	1
5971	4
20	4061	425	969	1
116	1
5505	1
5972	3
5973	92	3834	1
48	1
5766	1
4872	2
5974	5975	1
1219	1
4061	2
5641	1312	2
3894	589	1
5976	4
588	54	1229	1222	1
116	1
5505	1
42	1
116	1
5505	3
618	3108	116	1
4332	1
643	4
2066	735	422	116	3
4332	643	1608	1
116	4
417	911	1222	74	2
675	5630	2
5977	283	1
116	2
4332	643	1
618	1
122	5
836	709	716	3834	119	1
543	2
969	1965	4
3853	5978	4305	4332	2
796	391	2
117	116	1
5505	6
55	113	5979	1207	5980	116	2
308	5981	1
116	6
2002	74	399	5982	5983	116	2
5505	3543	1
116	4
567	1285	54	565	3
621	911	116	1
5954	1
116	2
4707	2796	1
116	3
596	955	116	1
5505	1
116	1
5965	1
1236	1
116	2
3872	11	1
679	1
116	1
5505	2
3894	116	1
5953	1
3624	2
5399	2196	4
2478	2	440	116	1
5953	3
4305	4331	4332	3
564	689	1276	1
1838	2
1160	435	1
1755	1
819	2
884	91	2
3251	116	1
1558	5
981	5	5499	3950	11	2
3550	5984	2
661	4339	3
74	981	2554	1
3950	3
763	818	4061	2
2	193	1
116	2
5953	785	1
116	1
2758	2
4404	3950	2
2449	3864	1
33	2
4404	1571	2
1278	116	3
1863	3895	4940	1
116	6
498	190	255	3894	5985	116	1
5986	2
14	1277	6
3894	5987	9	1281	2362	116	2
26	2019	1
689	3
1276	151	2474	2
5988	379	1
116	2
122	116	1
5505	2
1229	1222	1
124	1
3114	1
59	5
1096	510	758	1294	664	1
5989	2
351	116	1
224	1
454	1
116	1
1046	4
5505	969	488	4554	1
281	3
20	442	281	1
543	1
117	2
20	149	2
5505	2452	1
26	5
798	1596	969	3311	645	5
5990	5963	1689	5232	5991	1
5766	2
5992	5783	7
5993	1143	5778	5651	5994	531	5995	1
5996	1
116	3
3894	5997	1365	5
351	769	177	4305	5505	1
116	7
673	2798	3106	250	4332	5766	3542	1
116	2
2093	231	2
1294	116	1
5953	1
3340	3
3416	1229	1222	3
2245	408	116	2
5998	5999	1
116	2
5	2919	1
3422	6
506	664	2979	3950	47	3894	2
48	116	1
116	1
7	4
891	750	1207	553	2
9	3340	2
91	329	3
60	2209	505	1
2874	2
6000	6001	4
1393	1180	2765	615	2
981	825	2
550	4	3
9	6002	116	2
1207	122	4
567	299	65	113	2
1133	1238	3
4305	969	116	1
3543	1
116	2
3	25	3
704	5733	5725	2
740	124	2
704	116	4
769	193	6003	6004	1
116	1
5505	2
1170	2209	4
193	230	769	116	1
1410	2
139	14	2
117	116	2
769	193	1
5020	1
6005	1
2796	1
6006	2
3309	3310	1
6007	2
6008	4825	1
6009	2
117	6010	2
149	6011	1
3239	2
6012	6013	5
181	6014	6015	3738	14	1
1971	1
230	3
20	1229	1222	4
2093	66	6016	410	3
1049	139	6017	4
6018	6019	418	145	2
3053	1284	5
20	166	137	6020	905	1
1422	1
116	2
6020	1930	1
116	1
116	1
436	1
116	6
399	2532	6021	98	3290	1215	2
3843	116	1
6022	6
759	2377	12	5954	371	6023	1
2330	1
12	3
279	5971	5976	6
20	32	2196	709	2248	12	3
470	5954	371	3
1985	383	1222	4
66	63	360	1584	1
474	2
821	14	3
280	1648	12	1
141	4
905	158	2208	116	2
905	273	1
116	2
66	1878	3
1142	929	66	1
1182	3
279	5954	371	4
543	12	4	1584	2
895	1207	1
6024	1
905	1
158	3
29	812	1584	9
20	3340	5954	371	2375	1598	12	425	1109	3
6025	1281	2474	7
417	175	117	1648	5526	12	6026	8
117	6026	71	402	74	5976	6027	1170	6
673	3	25	760	5499	116	1
543	1
279	1
116	6
20	2245	470	12	679	3404	2
6028	11	5
591	6029	6030	633	6031	2
664	14	1
116	1
451	3
20	4256	749	3
1766	6032	1207	3
6033	487	6034	4
517	5954	371	4707	1
607	4
336	3781	6035	1353	6
687	2236	6036	6037	4332	14	1
2645	5
619	1863	981	1207	6038	1
8	3
533	12	2545	2
4752	175	1
3351	3
6039	6029	6030	3
4707	5955	511	2
1095	5505	5
2	494	902	4061	116	1
3543	1
116	1
4707	7
20	713	1631	969	4404	399	1147	1
1215	1
26	2
20	269	4
5971	477	2550	752	2
798	1612	4
20	71	1957	6040	1
116	3
6041	6042	879	1
1907	3
279	2095	1238	5
2806	3853	3586	54	5912	1
269	6
179	6043	92	54	4404	4707	1
20	1
6044	3
740	798	5481	1
279	1
1756	3
20	187	116	1
6045	2
9	1952	7
6043	5120	6046	1952	3599	1666	2474	1
116	1
679	2
20	116	1
4435	1
116	3
54	1229	1222	2
5795	116	6
75	4820	4707	5955	4404	60	2
300	2754	4
20	1681	2174	1079	3
280	902	116	2
5505	4061	3
6047	4707	5955	1
2474	2
3451	6048	2
5971	6012	3
20	6049	243	7
1566	4383	4707	5955	1766	6050	116	2
4141	4142	1
4383	3
1349	391	6027	1
1228	2
2126	4043	1
91	1
396	2
20	6051	1
759	4
20	664	243	2574	2
230	1222	2
1347	5499	3
96	2754	1907	2
1907	116	1
1347	2
236	1268	1
5499	17
769	5989	1666	26	5476	2754	5954	371	5505	6052	117	664	179	2754	14	467	543	2
279	755	4
236	6053	386	1222	2
124	3416	1
911	2
92	116	5
1907	5	5499	2397	6054	2
6055	5676	4
5956	107	4079	3600	3
18	689	175	3
279	1648	116	1
54	1
758	1
302	1
1935	3
184	5976	54	2
20	6056	1
5971	1
543	2
279	6057	1
662	2
107	6058	2
1867	3174	4
20	839	3848	54	2
6041	6059	4
740	124	1233	1125	3
321	2124	6060	4
1598	5956	107	1867	3
117	1238	749	1
911	3
1229	187	3378	2
3804	116	1
5505	3
1685	633	2637	2
1598	116	1
6061	5
2357	1284	6062	1430	6063	1
3106	1
2246	3
20	6064	116	2
5778	2554	1
1281	2
20	5021	4
54	5912	186	3366	2
961	1411	4
354	5532	3604	116	2
5505	5959	1
356	1
116	1
6059	1
761	1
417	2
1229	1222	2
2279	2680	2
702	4081	10
117	749	1284	4	147	2584	664	1284	359	26	1
230	2
1095	116	2
6061	48	1
116	9
4	4713	210	5449	6065	321	117	664	665	4
911	1222	664	858	1
740	5
265	5954	371	5499	116	2
619	6066	1
116	2
740	2124	8
3607	2408	193	5449	629	6067	6068	372	1
6030	6
740	265	818	5499	820	1558	4
5053	915	5971	5449	4
18	689	6069	5939	1
915	5
5954	371	5499	137	2742	3
567	1602	2844	3
418	494	26	2
1095	664	3
6070	4383	1079	1
116	2
4332	2882	1
116	4
799	4383	689	1125	2
20	1284	1
116	1
6061	1
6071	1
116	1
354	2
2143	6072	1
749	3
5960	3583	955	3
1096	6073	116	1
6074	1
3583	3
54	1688	5499	7
20	6075	6076	3583	277	391	5954	1
20	2
20	955	1
801	2
232	2237	5
2478	564	4078	383	5744	2
20	116	1
1426	1
92	2
20	116	3
6077	6078	2441	1
116	2
1220	6079	1
5208	1
465	1
5864	1
5021	2
1843	116	1
2680	2
4376	5545	3
1229	1222	116	1
6080	3
6081	1422	4754	1
8	1
6082	3
279	72	6083	2
6080	280	2
796	1285	5
4	2	486	5954	371	1
20	1
955	3
404	4417	2796	1
1972	1
2377	1
116	1
5505	2
2142	2796	1
1972	1
1721	6
3729	158	404	6084	92	237	2
467	5499	3
404	4417	2796	1
1972	1
2377	4
5505	3543	2142	2796	1
1972	1
1721	3
3729	158	404	3
20	6084	92	3
237	467	5499	2
5	1143	6
279	54	1366	543	221	285	6
451	5	256	117	1637	1096	7
20	2818	6085	302	4875	209	183	3
6086	418	4860	1
526	3
1286	418	1366	4
20	510	1646	1511	1
534	3
1585	6086	6087	3
219	815	183	1
6085	5
1142	286	979	6088	3248	2
20	2159	3
1585	6087	507	1
6089	2
219	6090	2
6086	895	3
467	1566	2550	3
141	1598	1531	1
6087	6
6091	418	6092	6091	6090	718	2
1747	116	3
861	418	6091	2
664	1366	4
425	27	284	141	2
20	664	4
1238	417	1285	1366	2
151	283	2
5430	6093	1
6094	1
6095	1
829	1
831	4
107	467	1159	6096	1
135	5
467	237	453	3349	6097	1
116	4
329	451	1981	8	4
5718	115	223	237	2
2787	467	1
1468	3
3349	6098	116	3
284	1443	116	7
96	467	1159	621	2047	1981	5718	1
116	6
117	232	417	256	1292	1981	1
666	4
467	1159	174	2818	1
6099	1
6100	1
1236	3
3200	2670	6101	1
6102	1
39	1
1236	3
3200	2670	6103	1
6104	1
995	1
39	1
1236	3
6105	2670	6106	6
237	1115	256	467	223	221	6
451	237	467	1159	60	107	4
511	1159	333	107	4
118	451	467	335	1
27	3
681	1325	3672	2
2006	11	5
1285	6107	6108	1364	1867	1
1870	2
1867	836	3
451	1164	4806	4
677	806	451	237	3
1142	454	271	1
6109	1
1867	2
494	11	1
145	2
494	536	2
1930	11	1
2066	5
836	2112	1642	4843	11	3
2753	1085	4855	4
821	1192	69	5628	5
2112	5286	5208	858	836	1
2097	1
12	3
3422	1182	536	3
5611	437	170	2
494	3766	2
494	3766	2
494	3766	4
836	92	4843	11	2
2753	1085	4
821	1192	69	5628	4
2112	5286	5208	858	2
5627	836	1
2097	1
12	2
6110	1867	2
437	4855	1
1363	2
1930	11	1
4855	4
1364	1192	5	4855	2
451	4843	2
2753	1085	2
1130	1157	5
2098	6051	6110	1364	1157	4
821	1192	69	5628	3
2112	836	5627	1
2097	1
12	3
1364	4362	1867	2
4362	3239	4
1648	4362	3239	4362	3
540	6111	3366	1
2097	5
2474	6112	6113	1079	696	2
20	819	4
193	151	255	1355	1
359	1
402	6
834	370	170	1834	4795	255	2
3	893	3
189	190	3	6
279	618	215	1939	4853	2345	2
189	190	2
20	816	4
825	758	171	250	1
1109	1
534	3
796	4111	250	1
4807	1
1652	3
20	370	834	1
4807	