3
26
142
0.00298395
0
1
831	102
0.0021434
0
1
20	100
0.00210137
0
1
591	96
0.00201732
0
1
3169	74
0.00155501
0
1
54	66
0.0013869
0
1
279	53
0.00111373
0
1
190	52
0.00109271
0
1
14	47
0.000987644
0
1
250	46
0.00096663
0
1
116	27
0.00056737
0
1
237	27
0.00056737
0
1
117	26
0.000546356
0
1
39	25
0.000525343
0
1
527	25
0.000525343
0
1
36	22
0.000462301
0
1
236	21
0.000441288
0
1
149	18
0.000378247
0
1
86	16
0.000336219
0
1
261	15
0.000315206
0
1
509	12
0.000252164
0
1
556	12
0.000252164
0
1
186	10
0.000210137
0
1
319	6
0.000126082
0
1
1111	4
8.40548e-005
0
1
557	2
4.20274e-005
0
1
100	29
881
0.0185131
0
1
831	265
0.00556863
0
1
20	219
0.004602
0
1
116	194
0.00407666
0
1
39	117
0.0024586
0
1
237	111
0.00233252
0
1
149	108
0.00226948
0
1
190	102
0.0021434
0
1
14	90
0.00189123
0
1
236	82
0.00172312
0
1
279	78
0.00163907
0
1
117	74
0.00155501
0
1
86	73
0.001534
0
1
36	68
0.00142893
0
1
261	67
0.00140792
0
1
100	66
0.0013869
0
1
527	62
0.00130285
0
1
54	60
0.00126082
0
1
250	56
0.00117677
0
1
319	47
0.000987644
0
1
186	46
0.00096663
0
1
643	45
0.000945617
0
1
557	34
0.000714466
0
1
556	23
0.000483315
0
1
509	23
0.000483315
0
1
1111	22
0.000462301
0
1
591	20
0.000420274
0
1
637	18
0.000378247
0
1
3169	14
0.000294192
0
1
1676	29
231
0.00485417
0
1
86	230
0.00483315
0
1
186	184
0.00386652
0
1
20	177
0.00371943
0
1
116	154
0.00323611
0
1
637	154
0.00323611
0
1
1676	151
0.00317307
0
1
319	145
0.00304699
0
1
557	136
0.00285786
0
1
509	130
0.00273178
0
1
591	117
0.0024586
0
1
54	100
0.00210137
0
1
643	98
0.00205934
0
1
39	89
0.00187022
0
1
556	86
0.00180718
0
1
1111	66
0.0013869
0
1
100	66
0.0013869
0
1
3169	65
0.00136589
0
1
36	63
0.00132386
0
1
236	48
0.00100866
0
1
527	44
0.000924603
0
1
261	42
0.000882575
0
1
279	41
0.000861562
0
1
250	38
0.000798521
0
1
14	30
0.000630411
0
1
117	28
0.000588384
0
1
149	25
0.000525343
0
1
831	23
0.000483315
0
1
237	19
0.00039926
0
1
190	