2558
1
36
2
15
3
66
4
8
5
84
6
6
7
151
8
4
9
4
10
8
11
4
12
12
13
15
14
110
15
16
16
15
17
36
18
4
19
4
20
12
21
22
22
97
23
47
24
17
25
21
26
85
27
20
28
10
29
29
30
26
31
54
32
12
33
36
34
8
35
8
36
6
37
4
38
6
39
6
40
6
41
110
42
184
43
39
44
4
45
37
46
71
47
87
48
12
49
263
50
4
51
169
52
47
53
88
54
48
55
18
56
309
57
31
58
16
59
4
60
35
61
214
62
66
63
18
64
114
65
37
66
13
67
17
68
2
69
28
70
80
71
10
72
2
73
86
74
31
75
20
76
77
77
169
78
249
79
37
80
9
81
2
82
12
83
60
84
2
85
5
86
11
87
33
88
29
89
106
90
64
91
2
92
85
93
29
94
6
95
13
96
31
97
80
98
2
99
11
100
20
101
8
102
23
103
32
104
2
105
52
106
2
107
17
108
449
109
2
110
8
111
2
112
12
113
6
114
65
115
14
116
47
117
74
118
37
119
4
120
55
121
2
122
16
123
38
124
30
125
43
126
9
127
5
128
96
129
4
130
439
131
9
132
6
133
93
134
2
135
2
136
4
137
18
138
18
139
17
140
2
141
2
142
4
143
11
144
2
145
6
146
4
147
24
148
4
149
82
150
50
151
35
152
4
153
2
154
41
155
32
156
30
157
4
158
4
159
49
160
43
161
67
162
13
163
127
164
28
165
2
166
4
167
6
168
17
169
4
170
4
171
12
172
22
173
16
174
2
175
37
176
4
177
8
178
6
179
45
180
24
181
11
182
8
183
13
184
12
185
23
186
4
187
2
188
32
189
2
190
6
191
29
192
22
193
4
194
2
195
102
196
2
197
2
198
2
199
2
200
29
201
6
202
6
203
6
204
19
205
62
206
4
207
17
208
4
209
25
210
58
211
9
212
4
213
62
214
46
215
34
216
61
217
16
218
2
219
11
220
2
221
9
222
2
223
4
224
27
225
77
226
4
227
86
228
2
229
47
230
94
231
84
232
2
233
18
234
6
235
4
236
4
237
2
238
6
239
14
240
16
241
2
242
4
243
31
244
10
245
11
246
4
247
2
248
39
249
6
250
107
251
2
252
5
253
6
254
43
255
2
256
267
257
68
258
4
259
6
260
11
261
4
262
4
263
11
264
71
265
66
266
4
267
4
268
8
269
122
270
54
271
4
272
2
273
22
274
20
275
4
276
23
277
101
278
2
279
2
280
2
281
6
282
2
283
2
284
2
285
2
286
2
287
18
288
2
289
2
290
2
291
8
292
2
293
4
294
4
295
11
296
25
297
2
298
2
299
2
300
2
301
2
302
2
303
2
304
2
305
11
306
2
307
95
308
16
309
9
310
2
311
2
312
163
313
93
314
4
315
2
316
4
317
195
318
30
319
4
320
75
321
2
322
2
323
4
324
18
325
2
326
9
327
4
328
9
329
2
330
2
331
16
332
13
333
73
334
2
335
2
336
27
337
2
338
2
339
12
340
8
341
196
342
20
343
29
344
11
345
45
346
28
347
5
348
2
349
2
350
2
351
80
352
21
353
41
354
25
355
20
356
4
357
18
358
4
359
2
360
2
361
20
362
2
363
2
364
20
365
11
366
2
367
2
368
2
369
4
370
2
371
27
372
98
373
17
374
2
375
2
376
11
377
2
378
15
379
22
380
25
381
55
382
2
383
51
384
2
385
2
386
2
387
4
388
2
389
6
390
40
391
2
392
2
393
2
394
6
395
41
396
2
397
37
398
55
399
136
400
4
401
169
402
13
403
2
404
28
405
4
406
2
407
16
408
2
409
124
410
23
411
2
412
2
413
8
414
63
415
25
416
2
417
2
418
10
419
40
420
135
421
18
422
18
423
56
424
34
425
2
426
4
427
262
428
2
429
4
430
4
431
2
432
65
433
20
434
4
435
39
436
77
437
4
438
72
439
2
440
19
441
13
442
30
443
4
444
128
445
10
446
27
447
9
448
8
449
14
450
55
451
26
452
14
453
97
454
102
455
170
456
2
457
4
458
17
459
2
460
32
461
2
462
2
463
2
464
2
465
2
466
2
467
2
468
2
469
23
470
14
471
14
472
2
473
2
474
2
475
2
476
2
477
2
478
2
479
2
480
8
481
8
482
68
483
11
484
103
485
113
486
70
487
21
488
31
489
27
490
2
491
37
492
4
493
8
494
6
495
8
496
49
497
2
498
8
499
89
500
16
501
6
502
2
503
4
504
2
505
2
506
8
507
14
508
11
509
6
510
16
511
85
512
2
513
9
514
45
515
2
516
2
517
35
518
15
519
40
520
2
521
9
522
19
523
2
524
4
525
2
526
2
527
10
528
22
529
74
530
13
531
30
532
228
533
16
534
17
535
2
536
4
537
24
538
24
539
36
540
2
541
2
542
2
543
2
544
2
545
2
546
2
547
2
548
2
549
2
550
2
551
6
552
2
553
4
554
2
555
32
556
2
557
4
558
4
559
4
560
9
561
2
562
31
563
46
564
16
565
85
566
35
567
4
568
42
569
2
570
10
571
2
572
23
573
67
574
90
575
19
576
25
577
4
578
4
579
4
580
45
581
14
582
27
583
8
584
54
585
11
586
17
587
23
588
17
589
4
590
4
591
19
592
92
593
4
594
98
595
32
596
4
597
4
598
63
599
8
600
4
601
15
602
25
603
39
604
25
605
4
606
6
607
4
608
18
609
17
610
13
611
459
612
2
613
39
614
18
615
14
616
16
617
2
618
4
619
4
620
2
621
4
622
2
623
2
624
5
625
6
626
36
627
39
628
32
629
2
630
11
631
37
632
11
633
2
634
20
635
2
636
6
637
2
638
4
639
2
640
2
641
2
642
62
643
2
644
2
645
20
646
16
647
2
648
23
649
59
650
245
651
4
652
42
653
48
654
16
655
11
656
103
657
6
658
2
659
2
660
2
661
2
662
11
663
2
664
34
665
20
666
2
667
2
668
2
669
30
670
2
671
20
672
9
673
4
674
2
675
2
676
13
677
98
678
108
679
23
680
2
681
39
682
30
683
116
684
123
685
9
686
2
687
11
688
30
689
2
690
9
691
66
692
6
693
9
694
10
695
59
696
7
697
2
698
2
699
68
700
11
701
28
702
9
703
20
704
2
705
2
706
2
707
8
708
2
709
81
710
10
711
6
712
159
713
4
714
9
715
2
716
33
717
2
718
2
719
2
720
2
721
2
722
29
723
54
724
11
725
16
726
2
727
4
728
2
729
2
730
2
731
2
732
2
733
9
734
2
735
2
736
9
737
18
738
4
739
2
740
2
741
15
742
6
743
2
744
6
745
6
746
2
747
2
748
2
749
9
750
2
751
23
752
2
753
2
754
2
755
2
756
2
757
6
758
84
759
55
760
2
761
4
762
2
763
2
764
2
765
13
766
2
767
9
768
2
769
16
770
25
771
54
772
2
773
9
774
2
775
11
776
18
777
2
778
5
779
18
780
2
781
50
782
12
783
205
784
19
785
2
786
23
787
11
788
2
789
16
790
48
791
2
792
61
793
22
794
35
795
32
796
4
797
57
798
9
799
43
800
78
801
4
802
2
803
37
804
109
805
16
806
13
807
2
808
27
809
22
810
2
811
33
812
2
813
11
814
2
815
2
816
23
817
34
818
20
819
2
820
23
821
5
822
2
823
2
824
32
825
2
826
211
827
20
828
112
829
2
830
16
831
25
832
10
833
2
834
39
835
10
836
28
837
28
838
9
839
4
840
4
841
2
842
2
843
2
844
4
845
6
846
4
847
107
848
13
849
53
850
20
851
57
852
30
853
10
854
46
855
4
856
26
857
25
858
142
859
5
860
17
861
30
862
9
863
2
864
8
865
11
866
2
867
2
868
15
869
32
870
2
871
2
872
32
873
16
874
2
875
65
876
4
877
4
878
12
879
8
880
16
881
16
882
8
883
8
884
22
885
8
886
8
887
8
888
85
889
8
890
8
891
11
892
8
893
10
894
18
895
8
896
8
897
36
898
8
899
10
900
8
901
8
902
8
903
8
904
8
905
4
906
4
907
11
908
4
909
124
910
126
911
12
912
9
913
16
914
23
915
35
916
37
917
2
918
37
919
6
920
7
921
2
922
37
923
2
924
24
925
2
926
23
927
4
928
4
929
20
930
2
931
2
932
74
933
2
934
17
935
32
936
117
937
4
938
6
939
44
940
2
941
2
942
2
943
30
944
2
945
2
946
2
947
88
948
2
949
14
950
103
951
12
952
55
953
2
954
8
955
2
956
2
957
2
958
32
959
7
960
2
961
16
962
2
963
220
964
9
965
2
966
4
967
26
968
2
969
2
970
12
971
36
972
21
973
15
974
141
975
6
976
44
977
2
978
123
979
8
980
2
981
2
982
2
983
4
984
76
985
39
986
9
987
24
988
2
989
23
990
2
991
2
992
2
993
2
994
4
995
2
996
9
997
2
998
2
999
6
1000
2
1001
9
1002
12
1003
2
1004
30
1005
21
1006
2
1007
81
1008
2
1009
2
1010
39
1011
15
1012
2
1013
347
1014
4
1015
309
1016
2
1017
6
1018
9
1019
16
1020
34
1021
25
1022
4
1023
23
1024
63
1025
14
1026
4
1027
54
1028
2
1029
4
1030
4
1031
4
1032
2
1033
2
1034
2
1035
2
1036
2
1037
2
1038
2
1039
2
1040
16
1041
32
1042
2
1043
4
1044
6
1045
2
1046
2
1047
2
1048
2
1049
23
1050
12
1051
10
1052
4
1053
10
1054
4
1055
6
1056
2
1057
30
1058
2
1059
2
1060
2
1061
2
1062
23
1063
9
1064
2
1065
2
1066
67
1067
6
1068
16
1069
2
1070
2
1071
6
1072
16
1073
2
1074
2
1075
2
1076
30
1077
2
1078
2
1079
4
1080
2
1081
23
1082
9
1083
4
1084
5
1085
2
1086
17
1087
2
1088
4
1089
2
1090
2
1091
11
1092
2
1093
5
1094
32
1095
2
1096
155
1097
20
1098
103
1099
4
1100
37
1101
2
1102
6
1103
17
1104
23
1105
101
1106
11
1107
2
1108
9
1109
41
1110
2
1111
16
1112
2
1113
22
1114
2
1115
5
1116
2
1117
2
1118
30
1119
28
1120
2
1121
13
1122
2
1123
2
1124
9
1125
22
1126
2
1127
2
1128
2
1129
2
1130
2
1131
2
1132
2
1133
2
1134
67
1135
2
1136
23
1137
2
1138
2
1139
2
1140
2
1141
2
1142
2
1143
4
1144
2
1145
9
1146
30
1147
2
1148
2
1149
2
1150
2
1151
2
1152
30
1153
2
1154
2
1155
6
1156
19
1157
9
1158
2
1159
37
1160
9
1161
2
1162
2
1163
2
1164
33
1165
2
1166
2
1167
27
1168
2
1169
2
1170
2
1171
2
1172
2
1173
2
1174
35
1175
41
1176
23
1177
16
1178
2
1179
2
1180
4
1181
4
1182
2
1183
2
1184
2
1185
9
1186
2
1187
2
1188
2
1189
20
1190
2
1191
2
1192
122
1193
16
1194
4
1195
4
1196
16
1197
31
1198
2
1199
79
1200
2
1201
2
1202
4
1203
2
1204
10
1205
7
1206
4
1207
2
1208
2
1209
2
1210
2
1211
4
1212
4
1213
4
1214
98
1215
40
1216
93
1217
4
1218
2
1219
2
1220
2
1221
2
1222
18
1223
2
1224
2
1225
2
1226
2
1227
2
1228
2
1229
2
1230
2
1231
2
1232
6
1233
23
1234
2
1235
11
1236
2
1237
30
1238
2
1239
4
1240
9
1241
16
1242
2
1243
2
1244
2
1245
2
1246
2
1247
4
1248
4
1249
2
1250
2
1251
6
1252
2
1253
2
1254
2
1255
30
1256
2
1257
2
1258
2
1259
2
1260
2
1261
2
1262
2
1263
30
1264
2
1265
23
1266
2
1267
2
1268
12
1269
2
1270
6
1271
9
1272
30
1273
6
1274
2
1275
2
1276
4
1277
8
1278
4
1279
8
1280
2
1281
2
1282
9
1283
18
1284
13
1285
6
1286
2
1287
2
1288
40
1289
2
1290
2
1291
2
1292
2
1293
2
1294
8
1295
16
1296
2
1297
6
1298
4
1299
2
1300
2
1301
2
1302
9
1303
4
1304
2
1305
2
1306
2
1307
2
1308
2
1309
2
1310
2
1311
2
1312
2
1313
2
1314
2
1315
11
1316
2
1317
2
1318
4
1319
2
1320
2
1321
10
1322
2
1323
2
1324
11
1325
2
1326
2
1327
2
1328
44
1329
2
1330
2
1331
2
1332
2
1333
2
1334
2
1335
2
1336
14
1337
10
1338
6
1339
4
1340
2
1341
2
1342
2
1343
2
1344
12
1345
4
1346
44
1347
44
1348
69
1349
2
1350
9
1351
9
1352
6
1353
2
1354
2
1355
2
1356
2
1357
4
1358
15
1359
2
1360
22
1361
12
1362
11
1363
4
1364
25
1365
4
1366
11
1367
12
1368
46
1369
2
1370
2
1371
2
1372
9
1373
4
1374
2
1375
11
1376
14
1377
2
1378
2
1379
2
1380
2
1381
2
1382
2
1383
44
1384
2
1385
4
1386
43
1387
9
1388
2
1389
58
1390
58
1391
16
1392
2
1393
2
1394
2
1395
2
1396
2
1397
46
1398
2
1399
9
1400
9
1401
2
1402
2
1403
2
1404
4
1405
2
1406
2
1407
2
1408
30
1409
16
1410
2
1411
7
1412
49
1413
7
1414
42
1415
14
1416
7
1417
14
1418
14
1419
7
1420
52
1421
7
1422
66
1423
24
1424
10
1425
3
1426
38
1427
97
1428
84
1429
42
1430
31
1431
7
1432
28
1433
42
1434
27
1435
35
1436
129
1437
21
1438
28
1439
7
1440
21
1441
7
1442
7
1443
7
1444
14
1445
17
1446
14
1447
7
1448
7
1449
14
1450
28
1451
14
1452
7
1453
7
1454
14
1455
28
1456
35
1457
6
1458
56
1459
7
1460
56
1461
3
1462
3
1463
7
1464
7
1465
14
1466
14
1467
7
1468
7
1469
14
1470
14
1471
10
1472
7
1473
10
1474
10
1475
7
1476
14
1477
35
1478
14
1479
63
1480
105
1481
17
1482
13
1483
7
1484
7
1485
3
1486
7
1487
7
1488
3
1489
3
1490
7
1491
7
1492
7
1493
7
1494
3
1495
13
1496
49
1497
7
1498
14
1499
14
1500
56
1501
14
1502
7
1503
7
1504
7
1505
14
1506
42
1507
17
1508
7
1509
7
1510
14
1511
84
1512
7
1513
14
1514
49
1515
28
1516
119
1517
14
1518
49
1519
73
1520
7
1521
14
1522
7
1523
7
1524
24
1525
7
1526
66
1527
14
1528
7
1529
21
1530
28
1531
49
1532
7
1533
7
1534
7
1535
42
1536
35
1537
28
1538
21
1539
14
1540
31
1541
3
1542
14
1543
7
1544
3
1545
7
1546
3
1547
21
1548
3
1549
42
1550
42
1551
13
1552
80
1553
7
1554
7
1555
3
1556
7
1557
28
1558
3
1559
45
1560
3
1561
14
1562
10
1563
35
1564
7
1565
7
1566
21
1567
7
1568
7
1569
51
1570
14
1571
7
1572
14
1573
7
1574
28
1575
21
1576
7
1577
3
1578
7
1579
3
1580
3
1581
3
1582
14
1583
14
1584
7
1585
7
1586
7
1587
17
1588
7
1589
14
1590
3
1591
28
1592
7
1593
56
1594
21
1595
28
1596
7
1597
7
1598
7
1599
7
1600
7
1601
7
1602
7
1603
31
1604
21
1605
21
1606
35
1607
21
1608
7
1609
35
1610
14
1611
7
1612
7
1613
21
1614
7
1615
28
1616
7
1617
7
1618
28
1619
7
1620
7
1621
7
1622
7
1623
14
1624
27
1625
28
1626
14
1627
14
1628
28
1629
28
1630
7
1631
21
1632
14
1633
7
1634
49
1635
7
1636
14
1637
7
1638
21
1639
7
1640
14
1641
7
1642
21
1643
14
1644
7
1645
21
1646
7
1647
7
1648
7
1649
7
1650
14
1651
28
1652
7
1653
31
1654
7
1655
56
1656
7
1657
14
1658
31
1659
7
1660
28
1661
91
1662
28
1663
28
1664
7
1665
14
1666
14
1667
7
1668
7
1669
35
1670
21
1671
14
1672
7
1673
7
1674
7
1675
35
1676
7
1677
14
1678
7
1679
14
1680
28
1681
21
1682
14
1683
7
1684
7
1685
7
1686
7
1687
14
1688
17
1689
7
1690
7
1691
7
1692
7
1693
14
1694
28
1695
21
1696
7
1697
21
1698
14
1699
7
1700
28
1701
7
1702
7
1703
7
1704
7
1705
14
1706
7
1707
20
1708
7
1709
49
1710
7
1711
14
1712
7
1713
7
1714
7
1715
7
1716
28
1717
14
1718
28
1719
14
1720
14
1721
77
1722
7
1723
7
1724
14
1725
28
1726
7
1727
14
1728
7
1729
14
1730
7
1731
7
1732
7
1733
21
1734
7
1735
7
1736
14
1737
7
1738
70
1739
7
1740
7
1741
14
1742
7
1743
7
1744
7
1745
7
1746
7
1747
7
1748
7
1749
21
1750
14
1751
7
1752
7
1753
7
1754
3
1755
7
1756
14
1757
70
1758
14
1759
3
1760
7
1761
21
1762
7
1763
21
1764
28
1765
14
1766
7
1767
7
1768
7
1769
7
1770
7
1771
7
1772
49
1773
7
1774
7
1775
7
1776
7
1777
3
1778
17
1779
24
1780
10
1781
7
1782
14
1783
7
1784
45
1785
7
1786
7
1787
7
1788
7
1789
7
1790
7
1791
7
1792
7
1793
7
1794
7
1795
14
1796
14
1797
7
1798
14
1799
7
1800
7
1801
7
1802
28
1803
7
1804
21
1805
7
1806
7
1807
7
1808
3
1809
7
1810
7
1811
3
1812
14
1813
7
1814
7
1815
7
1816
14
1817
14
1818
7
1819
21
1820
14
1821
38
1822
7
1823
7
1824
14
1825
14
1826
7
1827
7
1828
7
1829
7
1830
28
1831
7
1832
14
1833
84
1834
98
1835
7
1836
21
1837
14
1838
14
1839
7
1840
7
1841
7
1842
52
1843
7
1844
7
1845
83
1846
14
1847
7
1848
7
1849
7
1850
7
1851
7
1852
17
1853
7
1854
7
1855
14
1856
3
1857
7
1858
14
1859
7
1860
7
1861
14
1862
7
1863
7
1864
7
1865
7
1866
7
1867
7
1868
7
1869
7
1870
28
1871
7
1872
31
1873
28
1874
35
1875
14
1876
14
1877
7
1878
7
1879
28
1880
14
1881
42
1882
7
1883
7
1884
7
1885
28
1886
7
1887
7
1888
80
1889
7
1890
7
1891
7
1892
7
1893
7
1894
14
1895
14
1896
7
1897
7
1898
7
1899
7
1900
7
1901
7
1902
7
1903
7
1904
14
1905
14
1906
21
1907
7
1908
14
1909
7
1910
7
1911
21
1912
14
1913
7
1914
14
1915
7
1916
7
1917
7
1918
7
1919
7
1920
7
1921
17
1922
7
1923
7
1924
7
1925
14
1926
7
1927
10
1928
7
1929
21
1930
7
1931
7
1932
21
1933
7
1934
7
1935
7
1936
7
1937
14
1938
14
1939
7
1940
14
1941
7
1942
21
1943
3
1944
7
1945
3
1946
10
1947
28
1948
7
1949
17
1950
14
1951
3
1952
7
1953
3
1954
7
1955
10
1956
7
1957
7
1958
3
1959
28
1960
3
1961
7
1962
7
1963
7
1964
3
1965
14
1966
21
1967
7
1968
3
1969
13
1970
3
1971
7
1972
7
1973
14
1974
3
1975
7
1976
7
1977
3
1978
7
1979
7
1980
7
1981
7
1982
7
1983
7
1984
10
1985
27
1986
7
1987
7
1988
7
1989
7
1990
14
1991
17
1992
28
1993
14
1994
7
1995
7
1996
7
1997
7
1998
10
1999
7
2000
7
2001
3
2002
7
2003
7
2004
14
2005
14
2006
6
2007
7
2008
7
2009
7
2010
14
2011
7
2012
7
2013
7
2014
7
2015
21
2016
7
2017
7
2018
7
2019
7
2020
28
2021
7
2022
7
2023
21
2024
7
2025
7
2026
7
2027
21
2028
7
2029
7
2030
7
2031
7
2032
7
2033
7
2034
35
2035
7
2036
28
2037
21
2038
7
2039
7
2040
7
2041
7
2042
7
2043
7
2044
7
2045
7
2046
14
2047
7
2048
7
2049
7
2050
31
2051
14
2052
28
2053
31
2054
7
2055
7
2056
3
2057
7
2058
7
2059
7
2060
7
2061
7
2062
7
2063
3
2064
7
2065
7
2066
7
2067
7
2068
7
2069
7
2070
7
2071
45
2072
17
2073
7
2074
21
2075
7
2076
21
2077
7
2078
14
2079
17
2080
45
2081
17
2082
42
2083
7
2084
14
2085
7
2086
14
2087
17
2088
7
2089
7
2090
14
2091
7
2092
7
2093
7
2094
59
2095
7
2096
7
2097
7
2098
7
2099
21
2100
7
2101
7
2102
7
2103
7
2104
7
2105
7
2106
10
2107
3
2108
3
2109
56
2110
14
2111
28
2112
21
2113
14
2114
14
2115
21
2116
7
2117
14
2118
7
2119
14
2120
14
2121
3
2122
21
2123
7
2124
28
2125
3
2126
28
2127
7
2128
7
2129
28
2130
7
2131
7
2132
7
2133
7
2134
3
2135
7
2136
7
2137
24
2138
7
2139
7
2140
3
2141
28
2142
31
2143
73
2144
6
2145
6
2146
38
2147
21
2148
17
2149
21
2150
20
2151
20
2152
14
2153
7
2154
7
2155
28
2156
21
2157
31
2158
21
2159
44
2160
7
2161
14
2162
24
2163
7
2164
7
2165
7
2166
7
2167
24
2168
3
2169
7
2170
3
2171
7
2172
7
2173
10
2174
7
2175
7
2176
7
2177
7
2178
24
2179
17
2180
35
2181
7
2182
7
2183
7
2184
7
2185
7
2186
10
2187
27
2188
3
2189
14
2190
7
2191
7
2192
7
2193
24
2194
6
2195
13
2196
21
2197
21
2198
21
2199
9
2200
7
2201
7
2202
7
2203
7
2204
3
2205
7
2206
3
2207
7
2208
7
2209
3
2210
3
2211
3
2212
7
2213
3
2214
7
2215
38
2216
7
2217
14
2218
3
2219
14
2220
7
2221
7
2222
17
2223
7
2224
7
2225
3
2226
7
2227
7
2228
7
2229
7
2230
3
2231
38
2232
14
2233
28
2234
7
2235
7
2236
35
2237
14
2238
14
2239
41
2240
28
2241
20
2242
3
2243
17
2244
7
2245
24
2246
7
2247
7
2248
7
2249
3
2250
7
2251
14
2252
49
2253
17
2254
7
2255
7
2256
10
2257
7
2258
3
2259
7
2260
7
2261
7
2262
3
2263
7
2264
7
2265
3
2266
7
2267
14
2268
17
2269
7
2270
7
2271
3
2272
7
2273
7
2274
7
2275
7
2276
7
2277
7
2278
7
2279
7
2280
7
2281
7
2282
14
2283
7
2284
3
2285
7
2286
7
2287
7
2288
3
2289
7
2290
7
2291
7
2292
7
2293
7
2294
7
2295
7
2296
7
2297
7
2298
7
2299
56
2300
14
2301
7
2302
7
2303
7
2304
14
2305
7
2306
7
2307
21
2308
14
2309
7
2310
14
2311
14
2312
7
2313
14
2314
7
2315
14
2316
7
2317
7
2318
7
2319
7
2320
7
2321
7
2322
7
2323
7
2324
7
2325
7
2326
7
2327
7
2328
7
2329
7
2330
7
2331
7
2332
7
2333
84
2334
104
2335
56
2336
119
2337
42
2338
28
2339
6
2340
42
2341
14
2342
14
2343
14
2344
14
2345
14
2346
28
2347
14
2348
14
2349
7
2350
7
2351
7
2352
7
2353
7
2354
7
2355
7
2356
4
2357
4
2358
24
2359
4
2360
4
2361
4
2362
4
2363
4
2364
4
2365
4
2366
4
2367
4
2368
8
2369
4
2370
4
2371
4
2372
4
2373
4
2374
4
2375
4
2376
4
2377
4
2378
4
2379
8
2380
52
2381
4
2382
4
2383
4
2384
4
2385
4
2386
4
2387
4
2388
4
2389
4
2390
4
2391
4
2392
4
2393
8
2394
4
2395
4
2396
4
2397
4
2398
4
2399
4
2400
4
2401
4
2402
4
2403
4
2404
4
2405
4
2406
4
2407
4
2408
4
2409
4
2410
4
2411
4
2412
4
2413
4
2414
4
2415
4
2416
4
2417
4
2418
4
2419
4
2420
4
2421
4
2422
4
2423
4
2424
4
2425
4
2426
4
2427
4
2428
4
2429
4
2430
4
2431
4
2432
4
2433
4
2434
4
2435
4
2436
4
2437
4
2438
4
2439
4
2440
4
2441
4
2442
4
2443
4
2444
4
2445
4
2446
4
2447
4
2448
4
2449
4
2450
4
2451
4
2452
12
2453
8
2454
8
2455
12
2456
12
2457
8
2458
8
2459
4
2460
4
2461
4
2462
4
2463
4
2464
4
2465
4
2466
4
2467
4
2468
4
2469
4
2470
4
2471
4
2472
4
2473
4
2474
4
2475
4
2476
4
2477
4
2478
4
2479
4
2480
4
2481
4
2482
4
2483
8
2484
4
2485
4
2486
4
2487
4
2488
8
2489
8
2490
4
2491
4
2492
4
2493
4
2494
4
2495
4
2496
4
2497
4
2498
4
2499
4
2500
4
2501
4
2502
4
2503
4
2504
4
2505
4
2506
4
2507
4
2508
4
2509
4
2510
4
2511
4
2512
4
2513
4
2514
4
2515
4
2516
4
2517
4
2518
4
2519
4
2520
4
2521
4
2522
4
2523
4
2524
4
2525
4
2526
4
2527
4
2528
4
2529
4
2530
4
2531
4
2532
4
2533
4
2534
4
2535
4
2536
4
2537
4
2538
4
2539
4
2540
4
2541
4
2542
4
2543
4
2544
4
2545
4
2546
4
2547
4
2548
4
2549
4
2550
4
2551
16
2552
8
2553
8
2554
8
2555
8
2556
8
2557
4
2558
4
