3
38
160
0.00634568
0
1
49	134
0.00531451
0
1
401	122
0.00483858
0
1
1192	108
0.00428333
0
1
108	72
0.00285556
0
1
130	50
0.00198303
0
1
1013	50
0.00198303
0
1
61	40
0.00158642
0
1
909	36
0.00142778
0
1
611	32
0.00126914
0
1
78	30
0.00118982
0
1
42	30
0.00118982
0
1
56	30
0.00118982
0
1
712	24
0.000951852
0
1
317	24
0.000951852
0
1
399	22
0.000872531
0
1
420	22
0.000872531
0
1
77	20
0.00079321
0
1
444	18
0.000713889
0
1
455	14
0.000555247
0
1
650	14
0.000555247
0
1
910	14
0.000555247
0
1
427	14
0.000555247
0
1
783	12
0.000475926
0
1
532	12
0.000475926
0
1
256	12
0.000475926
0
1
341	10
0.000396605
0
1
312	8
0.000317284
0
1
163	6
0.000237963
0
1
1015	4
0.000158642
0
1
978	4
0.000158642
0
1
1096	4
0.000158642
0
1
963	2
7.9321e-005
0
1
858	2
7.9321e-005
0
2
77	78	2
7.9321e-005
0
1
684	2
7.9321e-005
0
1
826	2
7.9321e-005
0
1
1098	2
7.9321e-005
0
1
974	42
130
0.00515587
0
1
611	106
0.00420401
0
1
130	106
0.00420401
0
1
1015	102
0.00404537
0
1
108	86
0.0034108
0
1
1013	82
0.00325216
0
1
56	74
0.00293488
0
1
256	72
0.00285556
0
1
427	72
0.00285556
0
1
341	70
0.00277624
0
1
826	66
0.00261759
0
1
650	64
0.00253827
0
1
532	64
0.00253827
0
1
963	62
0.00245895
0
1
78	58
0.00230031
0
1
783	50
0.00198303
0
1
317	50
0.00198303
0
1
1096	48
0.0019037
0
1
455	48
0.0019037
0
1
61	46
0.00182438
0
1
312	44
0.00174506
0
1
42	42
0.00166574
0
1
974	42
0.00166574
0
1
77	40
0.00158642
0
1
858	38
0.0015071
0
1
712	38
0.0015071
0
1
420	38
0.0015071
0
1
684	38
0.0015071
0
1
1436	34
0.00134846
0
1
49	34
0.00134846
0
1
978	34
0.00134846
0
1
163	34
0.00134846
0
1
1516	34
0.00134846
0
1
2336	32
0.00126914
0
1
444	32
0.00126914
0
1
399	32
0.00126914
0
1
2334	32
0.00126914
0
1
910	30
0.00118982
0
1
1480	30
0.00118982
0
1
1098	28
0.00111049
1
1
1834	24
0.000951852
0
1
909	10
0.000396605
0
1
401	42
65
0.00257793
0
1
611	53
0.00210201
0
1
130	53
0.00210201
0
1
1015	51
0.00202269
0
1
108	43
0.0017054
0
1
1013	41
0.00162608
0
1
56	37
0.00146744
0
1
256	36
0.00142778
0
1
427	36
0.00142778
0
1
341	35
0.00138812
0
1
826	33
0.0013088
0
1
650	32
0.00126914
0
1
532	32
0.00126914
0
1
963	31
0.00122948
0
1
78	29
0.00115015
0
1
783	25
0.000991513
0
1
317	25
0.000991513
0
1
1096	24
0.000951852
0
1
455	24
0.000951852
0
1
61	23
0.000912192
0
1
312	22
0.000872531
0
1
42	21
0.000832871
0
1
974	21
0.000832871
0
1
77	20
0.00079321
0
1
858	19
0.00075355
0
1
712	19
0.00075355
0
1
420	19
0.00075355
0
1
684	19
0.00075355
0
1
1436	17
0.000674229
0
1
49	17
0.000674229
0
1
978	17
0.000674229
0
1
163	17
0.000674229
0
1
1516	17
0.000674229
0
1
2336	16
0.000634568
0
1
444	16
0.000634568
0
1
399	16
0.000634568
0
1
2334	16
0.000634568
0
1
910	15
0.000594908
0
1
1480	15
0.000594908
0
1
1098	14
0.000555247
0
1
1834	12
0.000475926
0
1
909	5
0.000198303
0
1
401	